## RankNet
## Epochs = 100
## No. of features = 136
## No. of hidden layers = 10
## Layer 1: 10 neurons
## Layer 2: 10 neurons
## Layer 3: 10 neurons
## Layer 4: 10 neurons
## Layer 5: 10 neurons
## Layer 6: 10 neurons
## Layer 7: 10 neurons
## Layer 8: 10 neurons
## Layer 9: 10 neurons
## Layer 10: 10 neurons
1 2 3 4 5 6 7 8 9 10 11 12 13 14 15 16 17 18 19 20 21 22 23 24 25 26 27 28 29 30 31 32 33 34 35 36 37 38 39 40 41 42 43 44 45 46 47 48 49 50 51 52 53 54 55 56 57 58 59 60 61 62 63 64 65 66 67 68 69 70 71 72 73 74 75 76 77 78 79 80 81 82 83 84 85 86 87 88 89 90 91 92 93 94 95 96 97 98 99 100 101 102 103 104 105 106 107 108 109 110 111 112 113 114 115 116 117 118 119 120 121 122 123 124 125 126 127 128 129 130 131 132 133 134 135 136
10
10
10
10
10
10
10
10
10
10
10
0 0 0.07715989647860133 -0.016046548273877918 0.013887559988485287 0.03815772385095702 0.061060119464202575 0.015645969629614613 -0.0704691931850137 0.002261728030781392 0.09189426899733456 0.0408685393416711
0 1 -0.08273889125412395 0.09526911376946497 -0.018217891462217427 0.022397613159966745 0.024035787255193744 0.0054037570648469155 0.08297538754455636 -0.029252911005921246 -0.09324876963019876 0.02489540537449976
0 2 0.06080728020651611 -0.08630746606484817 -0.041332960148170755 -0.010075395908431298 0.056921761608465606 -0.06079772868454392 0.06441523872436236 0.0013422786196798189 -0.05914745849675484 0.07665546232040422
0 3 -0.04206850381908873 -0.01792947577503185 -0.03761621193239326 -0.06285351513732848 0.022479062976123586 0.02258317539858982 -0.05498173837401346 0.0799456610963612 -0.09500069169547715 -0.07205910239300185
0 4 0.08416216818930114 -0.09759424628096457 0.04498392342730311 -0.03077290579015664 0.030301297129736737 -0.015117364967145388 -0.0557881891995373 0.026989441346657556 0.018975604335531027 0.026950787730083425
0 5 -0.008529299875317756 0.07361213862358855 -0.04363104701374025 -0.035407997664883326 -0.03138415140865155 0.05893440170701139 0.06181562690827682 0.004235106512829785 0.0671690553443433 -0.03664077074357342
0 6 0.09198082237943211 -0.028195600962618514 -0.06042764336163545 -0.00889629684061959 -0.09045698491733885 0.06628319619646876 -0.013408934710083973 -0.0015384673694767755 0.0816649049586563 0.04914929716752337
0 7 -0.02408545652142258 0.07618670163959247 0.07370750605223665 -0.02494499645321126 -0.09875605994697727 0.01051032539344402 0.01619317006768503 0.052015632367517245 0.026797538635149592 0.004946541943624977
0 8 0.04747360943629818 0.08174930511808712 -0.015773540368868362 -0.041835933917989676 -0.03443681072150605 -3.6911372261750453E-4 0.011379105015181619 -0.03124358134139874 -0.029577111817187914 -0.014571905156117115
0 9 0.06859333067462826 -0.026659835135530347 -0.05727190897229928 0.07265495509007133 -0.09793252495659088 0.08332545308787023 0.09402628241771915 0.010134953065982739 -0.08384047448438249 0.062101621169494976
0 10 -0.02590386638148472 0.09685217602151115 0.061022196626017815 0.05260626939224095 -0.050444518985728035 -0.04116580915188853 0.03892189117722046 -7.636422775624634E-4 0.04007590333345046 0.0760851644546068
0 11 0.08456545321502018 -0.07796511055632 0.0993592888021594 -0.01204351800531227 0.00963262938812093 0.021714722695845814 -0.029364705120880203 -0.09151192012378714 -0.05889269708356281 0.010934257853505507
0 12 -0.05905539535257025 0.021760653767758695 0.06403319541471153 -0.013027566524007361 -0.015766298667003516 0.0938170032419939 0.009429777183762936 -0.054355580250265365 -0.08469437067692157 0.018029386301941237
0 13 -0.054550349732638406 0.02094850500829479 0.05077546088728466 -0.019637286651351504 -0.07145590327013117 0.09208297724296281 0.025404345197494127 0.041359137714878196 -0.08525522796725286 -0.04577730972170808
0 14 -0.035161553602758744 0.09424878672415735 0.050390020691008265 -0.05230915208214081 0.09004283139598833 0.08293448116394986 -0.056271427784673325 -0.0895353281842419 -0.05464404679718546 -0.006842479736058129
0 15 -0.03205896541318482 0.0720946937790285 -0.01733583211940722 0.005121010356754876 0.012266457085828195 0.0855001881707283 -0.08967079222450047 -0.06971761583945021 -0.03240039199576515 -0.055677771564370704
0 16 0.07109597325519755 0.09842786937902023 0.04697934910578773 -0.06468489020930471 -0.08250232040117171 -0.09771997481777274 0.0010536133769320185 -0.04414243250388835 -0.006223612930969623 0.07375422865817163
0 17 0.040738087149766934 0.03933982923613432 -0.06980502605538182 0.06925404071911873 0.018291557215503785 -0.03902360052074921 0.07619315385762611 -0.013748723076651278 0.03291939944078784 -0.008555471890656743
0 18 0.013956606391013326 0.05519649386425115 -0.049746900797624116 0.04742710665079226 -0.07772819697127722 0.03210931271078677 -0.05630441755163522 0.01604406908776379 -0.09126673638775265 -0.027039598665711
0 19 -0.04838547855457852 -0.041242606938279115 -0.05336860567387525 0.014652078972373602 -0.08528320490897943 -0.015178442002715637 0.020316183564623846 -0.08059234171767167 -0.018180191516721463 0.04802772403161787
0 20 0.09763240012861005 0.04097685165086435 0.0748612728705212 0.021365940854318755 0.03861742286373378 -0.03656764089003647 0.07893841598864268 0.01614140823799972 0.037475906721240605 0.010557960671069753
0 21 -0.09242121877609742 0.056835781758174816 -0.060799945158914376 0.004383641308101311 0.09673618534086328 0.021704727722658634 -0.08275501435475316 -0.022088104896240853 0.06919261815122489 -0.01791779328959781
0 22 0.07652332629312003 0.02050721082370021 0.06941206750930642 -0.00996714828248651 -0.06739080682611884 -0.07990354309925242 -0.023383330641747923 -0.01989078528106616 0.07132120433637118 -0.09766784318215599
0 23 0.08157411215405153 0.08865647015808605 -0.02694268153415612 -0.02631872332351515 -0.031925249761422705 0.09947857255034488 0.07857931400301507 -0.04627003151625822 0.0685727745474201 -0.015890544321365545
0 24 -0.08329205280567369 0.023698437342765867 0.05278770963269275 -0.08007188108339848 0.0958506189349556 0.054332254765502505 -0.053893038478775704 -0.05022882392798984 -0.03213978883656078 -0.03509565184674022
0 25 0.024811643834345417 0.02975415599018024 -0.02371082283211018 -0.037280697236977446 0.049418897398275805 0.05544201592604951 -0.05402045751850361 -0.07728313693709532 -0.09701763073583344 -0.06720952738180631
0 26 0.010357201089470637 0.09392581134306703 -0.0330232568129782 0.07757784426744353 -0.09453658011160938 0.04500706119070734 0.0643409117841407 -0.09559088946683941 -0.010153996750854734 -0.029949897917553047
0 27 -0.04293634744587462 0.03690101576880889 0.08451597391432882 0.030290549631433898 -0.011746567600697665 0.06942635769615559 -0.08932750676358314 -0.035233814299595795 0.05334592612120595 0.0022856951305879774
0 28 -0.0957953184926907 -0.08561550081622483 -0.09367790073768914 -0.0246421992723345 0.037013888395873704 -0.026350831638199127 -0.020682167283056108 -0.040638394668089384 0.05333302543271556 -0.0048106610957359824
0 29 -7.912758411227851E-4 0.026780288368282102 -0.06486292945363573 0.09055597351167304 -0.015040659161203397 0.05892956181858146 0.04935464199134634 -0.020474117703092577 -0.09093037224554808 -0.017488331166995844
0 30 -0.0034008208294831234 -0.09259872166064717 0.07619628294829228 -0.08141193524556907 -0.030233810600169813 -0.04175835916112725 0.08629312306777889 -0.06436086487922389 0.02835509202002591 0.030687432226278018
0 31 -0.05866140873837749 0.029603760674893342 0.05181197448873359 0.08134599775838557 -0.06374438846989612 0.04420924928321992 -0.07514484975040002 -0.05293343590797283 0.05524135754519911 0.09761504826323521
0 32 -0.023859882744610074 0.04544432087034998 0.09022746979251745 0.014838713229441369 0.024739395884050226 -0.0706029981790987 0.013540321926184326 0.04039497298417061 -0.08938412367070274 -0.08562670651438951
0 33 -0.08022771777107726 -0.05541062356415034 0.06908840685278499 -0.029505293808662472 0.08487082277901718 0.017478520015034676 0.009481722458031031 0.03634911028417849 -0.07724117486496516 0.0804680809128556
0 34 0.08932670917501982 -0.02584446067221074 -0.07001987117412029 -0.0598105600311649 0.04944596553545149 0.0869698144057651 -0.08620148965814875 -0.05770295906732281 -0.004956972542877768 0.07786391616411961
0 35 0.05132496327987799 -0.05222541866244649 -0.08682654813461961 -0.0621003022820126 0.008818264196481915 0.08454254201089006 -0.07721312402873741 -0.08961103153147967 -0.025512981948945072 0.04916006275404284
0 36 0.08714725821081377 0.009115725743726742 0.05877982824391516 0.003633844905281751 0.0748079717585885 -0.06815026703444735 -0.0767551809808868 0.06617914138442996 -0.01798417604595625 0.016652803845974045
0 37 0.058773703852417175 0.06230379266541403 -0.035267878335041865 -0.08055295049130562 0.05439135439349306 -0.014889782343920379 0.0971076339068132 -0.012923473522242305 0.04627775029875273 0.046073324939927135
0 38 -0.08005774767478852 -0.06199178845852258 -0.0447763316402054 0.07382456213968205 0.09539102022295562 0.01767227609422448 -0.04007529097467807 -0.041303604859166704 0.06669942290596752 0.011268192880198548
0 39 0.05170189183184868 -0.012870490868230408 0.04018957522514447 -0.04660572467242669 -0.04444711166058348 0.007052414722146744 -0.08608662405247977 0.03510066818613233 -0.02484725763802089 0.01382233422340374
0 40 -0.08989222812398341 0.09212167771527377 -0.09299369004455996 0.06121888570507782 -0.03819954886099027 0.027502256727031497 7.112728875372219E-4 0.05463829987450003 -0.07534972791674871 0.0291669005612254
0 41 -0.05904066563517114 0.011054712339992978 0.044422179455823635 -0.09557522087821031 -0.045479387018893355 -0.04997625948817262 0.028881991265497068 0.020050937299115522 -0.08458059280405943 -0.08311987670017094
0 42 0.07966567595826758 -0.06805114433142352 0.014278602891659987 0.06558860826612886 -0.04656811889981432 0.017044390093564454 0.004704320754685021 0.03276115682916761 0.0325005835325069 0.04790442468996707
0 43 0.06627346575018157 0.049153864382200096 0.05452183633922774 0.08658975362928258 -0.06947493552573183 0.038191426543136 0.02650134637690178 -0.09536746144571645 -5.6248903136435105E-5 -0.04512320831666493
0 44 0.07485569615674251 -0.003952929945464602 -0.09019744209027086 -0.009247906912577052 -0.06100608446556147 -0.052675536827987125 0.09878446024229988 -0.08616001464053023 -0.012037196028276508 -0.092143529876634
0 45 -0.06203737110035267 0.06590749323225473 -0.054494656623222455 -0.046869598328251716 -0.0995187461332336 0.07875050604037942 0.005339801309101522 0.003932100719017704 -0.03994133323323086 -0.06663732230912331
0 46 0.09878852962940178 -0.031984917823480785 -0.026214485990342463 0.025563728066464696 -0.01809204740830535 0.07079239933654699 0.06981275229731099 -0.09165863693470587 0.05727497488616135 0.05695404484136621
0 47 -0.050819873817546865 -0.052138857550668154 0.05942795425236543 -0.0675968825777922 -0.0018958091699211568 -0.011202121171927313 0.06535926459675839 -0.07055182756115001 0.071934014564427 0.03047807140770623
0 48 -0.05924164504137498 0.0668934136593351 -0.03832078725300102 -0.09383278339910264 -0.016347736110186094 -0.0997108742670442 -0.025477821013262694 0.017123043532926978 0.042049616577753864 0.08159146457314913
0 49 -0.09176391363339276 0.03492260724139145 0.040964830665758775 -0.06253550946635895 -0.06683105229781548 0.04829319566117829 0.07046341150650172 -0.01988582685816879 0.05717482045429234 -0.010348970073212548
0 50 -0.013707357459247576 0.0023423016532585095 -0.0888884961608136 0.059663869440846416 0.05397617072042993 -0.0012460291629306929 -0.023524766788884117 0.08549705147663632 0.04423899576108297 0.0540553405871909
0 51 0.06548850983108051 0.02336248196488406 0.04376593977065353 -0.007299530318901671 0.07752873004151514 0.034644324328182693 -0.03702824563181138 -0.07928439975158513 0.03466696292349291 0.019760871302906234
0 52 0.0592189729176717 0.066436819728509 -0.07629450410785779 -0.050805203614628126 -0.027432864519356854 -0.03141405061746967 -0.06118974090355251 -0.0866418406422257 0.01687614247473934 -0.09596660733893111
0 53 -0.0908519402165656 -0.05111411214073915 0.02743400260695851 0.03703191876511304 0.04281698912937619 0.01331817544647582 -0.05750555545443579 0.0506491772803291 -0.04751539230193598 -0.007824903356593612
0 54 -0.03922309726554535 -0.005024152808564053 -0.04975210502784612 -0.07228210568397515 -0.09200451522793729 0.05143599584518757 0.019032591952347137 -0.06000493839490997 0.01984469220097921 -0.09966625273371559
0 55 -0.01172872819064295 0.005963462404354219 -0.011833953671521779 0.09324381500524832 -0.0424730069914048 0.08600182831096867 0.00509827118246055 0.03903743624580994 0.0921887531882784 0.011174571699361226
0 56 0.03468848019550657 -0.055591266605047394 -0.06580881029713004 -0.04176104068555162 -0.025902265673361815 -0.005086517433485462 -0.01400454063520966 -0.08882005513264628 0.08110512793474639 -0.0649261623681828
0 57 -0.050141610208693566 0.09507240354677883 0.07532334327515991 -0.07667762785971786 0.026198465389488737 -0.051449656494948 0.0027139545346917342 0.08247159420928138 -0.0795280784344038 0.010823744342799648
0 58 0.009474086573276128 -0.021943723784864647 0.02611288986974716 0.006232160144530481 -0.007833587930252375 -0.01641888544413952 0.05535756796167698 0.06733974068999497 -0.09048224985410498 0.011276131492453706
0 59 -0.07648368179912275 0.055928666143514036 -0.05511493235888635 -0.08229574561076806 -0.07723481952790108 0.008884024804292824 -0.004734617659740667 -0.03727815300373995 0.08187043666916428 0.08544317632700842
0 60 -0.010936016217404696 0.06033743545352372 0.03732097893918595 0.06440283358128637 0.014598673211405554 -0.05301095172904031 0.0138965602953177 -0.026528727264038373 -0.09125126153186205 0.023689324035223842
0 61 -0.08008597046538278 0.08758818357797842 -0.026825195179850967 -0.06485977768644371 0.09975219518824287 0.01822718977401216 -0.03359815478824105 0.03626883774635273 -0.004425346849686028 0.09833876788053153
0 62 -0.08583484590394969 0.04134868830104704 0.013413292353876274 -0.005620795300224519 -0.06996455042275043 -0.04411498458068267 -0.010094821460496978 0.03069668448931088 -0.025091946122362242 -0.024231862283385124
0 63 0.03402984142090661 -0.044473577292777046 -0.09621971100644679 0.009053522721898792 0.015415465465230871 -0.017338108275494986 0.03476854040827184 -0.05318968743372328 -0.060936421154431576 -0.004340827468057095
0 64 -0.05881214141937506 0.05850593000564017 0.098202884196893 -0.06569606065718331 0.028901834043672865 0.04045765846766986 -0.09973816573806558 -0.08772470057140695 -0.004437446593656018 -0.05027032643713996
0 65 -0.03687332198024199 0.005793380551029374 -0.020248193293812194 -0.0567163042724121 -0.05892534181472299 -0.007854062132566881 0.06337925791739496 -0.07610241323709833 0.053679920732976734 0.01486400328574477
0 66 0.03603681176857496 -0.014570218511166796 -0.021469581872458635 0.09266676753774934 -0.06222637370139671 0.05292460322332149 -0.08703223615975317 -0.04884073138293786 0.03282611817151915 -0.06094429642016246
0 67 0.08085493743409396 0.007572418544416265 -0.08666926622393972 0.07549143582585699 -0.04485210031226577 -0.03578754514482288 -0.09366614371573985 0.014725374989128194 0.055996865034197846 0.014573794789553405
0 68 -0.04007905721664544 0.02933943830429759 -0.015919035300613026 -0.011354660615320079 0.015769857913425302 -0.010977333411699484 -0.024502307176649574 0.01032503228628131 0.06857206672430038 0.08784951269626387
0 69 0.04115825146436634 0.0013343751197563486 -0.021896760910749723 0.03805781155824661 0.03872391581537182 -0.010704701766402251 0.04826310276984765 -0.04225002974272005 -0.07182441651821136 0.08139589428901672
0 70 0.05365165105461092 0.07896464859946624 0.014061634204065226 0.0744819205065668 0.05541059376779786 -0.038388663455614536 -0.06653430754541641 0.06907725018808748 -0.029901871739369538 0.09324024238559887
0 71 0.003964704252138828 0.08365355412141376 0.0651566757629549 -0.019101178167408056 0.004101408447661407 -0.02811238778235862 -0.07851606650963305 -7.618132051951605E-4 -0.00108720044184192 -0.023030752689417226
0 72 0.049565415513315995 -0.09600534320330686 0.014125758614137632 -0.09017161264311964 0.07462757932446487 -0.05374581441814506 0.029050325339474575 0.026652847886742017 -0.07066222257288397 -0.09954787102341225
0 73 0.05229192206872886 0.02409346010163386 0.043625689934828224 0.008294600165472572 0.014264465085709624 -0.08360676515629097 -0.08917758655899177 0.08113275438908125 -0.07232838854286745 0.007686215105164438
0 74 -0.012077679580263585 -0.031813445062527916 -0.05226418509793909 0.020830071870017286 0.03469833478616761 -0.0661590456879488 0.071581500121203 0.08217703185939323 0.014785005678255395 -0.007626019155728276
0 75 0.008009337781880526 -0.005475802338084783 0.007929419583416692 -0.08179604959015394 0.012156978849888476 0.09438700000983169 0.09117658241664735 0.023116503381710188 -0.014605295139346402 0.03441719908515595
0 76 0.010769570164994609 -0.008324414569621848 -0.044582165821560285 -0.056710027116905176 -0.02924237185050296 0.05272645856363403 -0.05989554541467875 -0.0034704388831566044 0.02490357129306053 0.027870774122720883
0 77 -0.0859422312598898 -0.07997397346887924 0.04021036617354688 -0.07213448726039114 0.0753797148635438 0.07391349937626102 -0.08461470185218546 0.06936450282122121 0.02944331812765919 0.05926182839896342
0 78 0.07217011591849457 0.06494696429855236 0.06691012526752094 -0.07887931163574351 -0.014520150295415266 -0.07354442796411555 0.08735580723876599 -0.017771314958023747 0.09584591544228213 -0.008227819733859094
0 79 -0.05162008963912991 0.03720130664562901 -0.02793275252068755 -0.02684372048930914 -0.09429089332105044 -0.03879094388097732 -0.020722754696231062 0.04819559144628694 0.0905370124399301 0.06728947704995725
0 80 -0.006551964667895263 -0.03798113149352833 -0.022763467201728324 -0.0408705577721337 0.024728213555241012 -0.00241583308516351 0.031333365449528 0.018615053815862797 -0.007187407384192303 0.05608658619917649
0 81 -0.08799454583014796 0.07626473145975167 0.005673354886306706 0.04981696612378897 -6.688291931259775E-4 0.06338199196599996 -0.0662179294001774 0.054189413594274864 0.043906323708568645 -0.05772687890903433
0 82 -0.08765578285029507 -0.09485783442771073 0.010576551699600072 -0.015963321478979543 0.09748943945258959 -0.02689714393177449 -0.09726296395397463 0.04373232253213802 -0.04062801588520189 -0.017174894271077473
0 83 0.06834673122595597 -0.07268052561285059 0.004354566261470365 0.07609318203821738 -0.09191027980235501 -0.03720855000845518 -0.09633421181711692 0.04303733611817825 -0.004360675710301237 0.08950407778981452
0 84 0.05155727107319102 -0.08348138036428898 0.04006738130573072 -0.07785054961045118 0.06881848527005065 -0.09993815054889821 0.05732838856874072 0.04025317869267673 0.06766562280198637 -0.09380568101565626
0 85 0.0026235151683286916 -0.0330995332589617 0.01270780462368524 -0.04064934268074129 -0.08138284415365041 -0.022873011449390204 -0.07375567648254373 0.05757287717024557 0.04539310274309245 0.017863128063266794
0 86 -0.07747282098442124 -0.04806935052311301 -0.06448412692315023 0.006367367746283548 -0.059049844366017526 -0.007106745403659991 -0.02328217610583422 0.09805510922743425 0.04086939253274999 -0.057190843117449534
0 87 -0.07258641735253023 0.0359650252767043 -0.04921259739308221 0.06476154186044152 0.06931928598489236 0.058032888550951664 0.029764342743129543 0.05551698781497028 -0.059021152443102076 -0.039097853290206916
0 88 -0.03800687205153185 0.0071230827694450305 -0.09050410246936763 0.03701074799664902 0.061548233428186265 0.04825436297047618 0.0035492894223067384 0.0997688023601945 -0.07801410547566906 -0.03402546812948762
0 89 0.09742670367858286 -0.06452714037546085 -0.06433852835617479 -0.09961055894826429 -0.07053593064862568 -0.09388793586435451 -0.05112121906525208 0.016211651133259168 -0.019610772764763404 0.05004399023081513
0 90 0.059176095159396404 0.08652470566632854 7.003800023985476E-4 -0.0031545653011282463 -0.06447758786220215 -0.02046582881517028 0.08353381861714138 -0.006756188242803864 -0.012418176453513388 0.026158882236138787
0 91 0.0758946832711694 -0.05006366999856813 -0.042624436495288284 -0.03604626639210846 0.0552772964012408 0.01468958814285391 0.09153126113144554 -0.06347867895565197 -0.021364087000493963 -0.02161481480737758
0 92 -0.011502292197942247 0.05124535723248104 0.07476060573423163 0.053165035371425556 -0.08248656470987055 0.030251291827796754 -0.03494197452165144 -0.07430133496546794 0.09503533765993451 0.053907241466161764
0 93 -0.033510577039655924 0.05770759647193963 0.05196113133748001 0.011788236962967855 0.057633113480449756 0.037958483890986786 0.06999998517499156 -0.05472888440546654 -0.07292120150945335 0.0814779250036985
0 94 0.06254882347469468 0.08276249236392011 0.025037572057466838 -0.06104801513240292 0.04987829136720771 0.05717422427309331 -0.004955543186867601 0.06630481237197283 0.07418229430538506 0.09842641970834168
0 95 0.06406914441768838 -0.06495787204172933 0.09340102225178888 0.022828394550671847 -0.08224384483840483 0.053396403770573954 0.08997147528903925 -0.05255990104005088 0.024421047425329794 -0.09989499302171605
0 96 0.05848038195985028 -0.006021874961705347 0.06952977180128143 0.0888089761169408 -0.029659336414243336 -0.038476414989554515 -0.05923182890912718 -0.019948918380254074 -0.04724063723982282 -0.0565501637843375
0 97 0.09341952948033377 0.003750288377152771 -0.0389000400992661 -0.07441459595280511 -0.09440510714029948 0.01990493569178039 -0.012844651972073764 0.014319497135844305 -0.07238553463167072 0.07479672130845512
0 98 -0.06756128371522672 0.07964434473931681 0.05103584005993835 -0.0013845562885425806 0.023822497611557577 -0.04474541547151554 0.05397852135637167 -0.09410174192277214 0.0752546265809657 -0.012615079077193813
0 99 -0.010396480567759816 0.0608914717968439 0.006604290097526537 -0.08873257785737207 0.011200970066026722 0.004673898201710964 -0.047296583668114386 0.007474237576423118 -0.035936038934109404 0.017341185346933557
0 100 -0.011960488749696923 0.02606409787595815 -0.07499511540083618 -0.08080257475240786 -0.029303902739607837 -0.0702843815222832 -0.09174522758635012 0.021652376271401975 -0.07605278491741893 0.07602839170823256
0 101 -0.004798537591963759 -0.0587095506545666 0.013625890013249238 0.021266847852023246 -0.02194079195765402 -0.015978235766253724 0.07179870455161876 0.08411171286493516 -0.024120468642085082 -0.0475045628950978
0 102 -0.035817064359341066 0.0944001749013624 -0.08042213321468153 0.035155694939350085 0.07125309114896346 0.06858442720228576 -0.07309204342958167 0.07552285490261042 -0.06435318290187936 -0.030701333683482476
0 103 -0.025453407329384756 0.0679509192587354 0.06470949947110773 -0.025809312233265075 -0.054943513083188074 0.05212301013018357 -0.09179387989140246 -0.026518028246857686 -0.018524158737342145 0.02067900819464699
0 104 0.007224756286475724 -0.018099833286029977 0.07836160808626454 0.05002312735060777 -0.06059487906694086 -0.02316004039426719 0.09194166957072974 0.050776071837073104 -0.08826968073564893 0.09295661001168967
0 105 0.02268010908829714 0.03825334805972031 -0.08177300557420274 0.0491978304023291 -0.07460808656909042 -0.06290187753126698 -0.045209181129548796 0.007510178786793725 -0.07785685340155428 -0.020803083220185942
0 106 -0.029627155626678583 -0.05175650130571336 -0.09043553477642095 -0.08515109861064918 0.06631482432190858 0.056998204168775816 0.036190204085109465 0.06104086695287552 -0.020718252202834103 0.07813326249546312
0 107 -0.06885224614601629 -0.0679513442703345 -0.05401299166729514 -0.03110520152004824 0.03772816923929161 -0.0969850876003061 0.01031135234005011 -0.09406648625285949 0.03185293848067787 -0.07322608738890966
0 108 0.04407174493189287 0.046992964858642725 -0.09632321457587921 -0.07750362892906136 -0.06448310545303448 -0.049984485376654744 0.04704641137754107 0.04640059889754065 -0.0014295695316143167 0.032849765974728384
0 109 -0.05828607857763648 -0.07452063291000975 0.09109751864009448 0.031562216735062376 0.061153710946326996 -0.08882903380123139 -0.038369052730898294 0.06078649268433368 -0.07059144206562379 0.051308445100997004
0 110 -0.037853330526615166 0.05591387287581407 -0.053409747859441754 -0.07322077445700285 -0.02573868021968973 0.052907861413714605 0.06058882518597114 -0.09194289170175676 -0.09060604859332838 -0.09974969205178927
0 111 0.07332166278657329 -0.06964417552217105 -0.09292584660644569 0.009386735994448817 0.054171692770116825 0.022000009064802255 0.030167687568542864 0.07082491359620888 0.05223698545585921 0.0746858267924324
0 112 0.03728421386619097 0.03236982209400657 -0.08435796210865415 0.07557237902353524 -0.03078752135088764 -0.059009157548959495 -0.0031747344368391528 0.0613434498314521 -0.08871853338377435 -0.04454273762753952
0 113 -0.06723497816434522 0.08868313572984252 0.008516782850286269 0.02830424908841094 0.04837260423861425 0.09223058055229734 -1.300813445683133E-4 0.026182616005191894 -0.04722215974218288 -0.024175817295978393
0 114 0.05266058428394713 0.036138664777389265 0.03900330505002572 0.06367112704248969 0.05942579042408374 -0.019526470839220995 0.0386043560130557 0.05815816646431764 -0.09852006274446563 -0.09126676648123891
0 115 0.056513249773653594 -0.0732619092788071 0.04379423702497472 0.07428324972397006 0.015289098358469054 0.08307803399125713 0.024627994544115104 0.08660078033946451 -0.010036652835910199 -0.02848147245929687
0 116 0.061951618622162745 0.033117867989321974 -0.025740880528640434 -0.007509440177023501 -0.08268089586776073 0.06830391283848228 -0.06933820996449128 0.03892298412159879 -0.05506079270120011 0.08093531425891719
0 117 0.03504549333857432 0.057727031359786664 -0.09337078782819043 -0.027472417776696758 -0.09773746860040143 -0.0597296656417828 -0.05202655132674987 0.006792873060966343 0.0210577063653862 -0.011146932939231292
0 118 0.0663198008772138 0.025735061583645222 -0.07446800174177531 0.0788106769474605 0.09987027209354958 0.052268691282736854 0.07658524058981739 0.01671219984126503 -0.027320582394593604 -0.09109779453857395
0 119 -0.02092456269677311 0.06541569521020837 0.014886969643859918 0.04511473333060691 -0.0945622917367632 0.0823010054710821 -0.06108583159247337 0.04536204396658078 0.07025119670058132 -0.02264614794781968
0 120 -0.025288021338412885 0.042022317512624294 0.03816568098732554 0.034235604178545376 -0.00270995448258114 0.04944450374139164 -0.0447236824012011 -0.01148149951332364 -0.0010325490841301159 0.029328310605557392
0 121 0.022826731136458906 -0.07897028333344294 0.03604600947475282 0.07792676988518835 0.030379187547809036 0.03889841943145145 0.09155069277490656 0.05549012486906581 0.062092036058180866 -0.022036414720215364
0 122 0.08220103358950502 0.059162724539376786 0.06334640072985863 -0.027661174416622178 0.017061830389381475 -0.09415761437844915 -0.05428623084071609 -0.024322653541187164 0.08635295944948503 -0.04227201310373615
0 123 -0.06732924293471979 0.010361242007243142 0.08419089013504373 0.061670076154867456 -0.01192988697348129 7.685122336278939E-4 -0.03609212510498053 0.07734755410610704 0.006697225463345988 0.015284323872297275
0 124 -0.021585917258598483 0.037806369217576796 -0.06086567797631532 -0.09154938153655506 -0.06949061846798088 -0.020205308121099032 -0.044635635189969644 0.036682933337707724 -0.05623992521103222 0.06361635001540131
0 125 -0.06104585528514314 0.060831136999689776 -0.05610250681743364 0.09800444543456417 -0.02080872095311934 0.007032513614310983 -0.07622029632695053 -0.015161764809269177 -0.02593435719486347 0.0031724036628933854
0 126 0.05909809456470934 0.09706593291155653 0.08798883847710737 -0.01384944926703602 0.05050870828535561 -0.07699463550954341 -0.042476367506604745 0.06265272180413953 -0.011735361896204796 0.05921779921820431
0 127 0.07210262780683889 -0.028654406203415167 -0.00165869347461146 0.06420239120356563 -0.01856268932110073 0.09479942276964126 -0.06638434848355083 0.09799247027433484 0.04516456234114909 -0.04063292538834806
0 128 0.05194672922579482 0.06684054415929376 0.010124546371389318 0.026427824149975635 0.09921880880401726 -0.07102267490688224 -0.025492448763944575 -0.012600833832549854 -0.08880163714890085 0.015602940362139297
0 129 -0.004263896532528086 -0.09336365701025752 0.07904472696052792 0.06990921226381415 0.04477154520068582 0.0019186821774630617 0.020078927824717034 -0.09252135843433855 0.06128535329518572 -0.06130744814469921
0 130 0.033024828046797676 -0.01397983298136026 0.04628051914538138 0.01369605171108268 0.015022453776848514 0.03555728284092998 -0.04167168920799097 -0.059737981090843786 0.06794669560371501 0.05917562475962503
0 131 -0.0038490232724439364 -0.07917316240358827 -0.051522452282183724 -0.010899764582102716 0.07049821251165565 0.08404094026478919 -0.029967713737049508 -0.05845258356173762 -0.07592868819164926 0.07665084337943572
0 132 -0.015428507192744694 0.05178691863454636 0.016067719342245063 0.04590655094201403 -0.011137665963905093 0.034994782155665906 0.03426722904870721 -0.03761226985426213 -0.022576988095918873 -0.08770353260552788
0 133 -0.08472938259044223 -0.07707494645088034 -0.035877221318348945 -0.05459002302054358 0.03162187846318595 -0.005613554702844986 0.059271289953226766 -0.012760257964457497 -0.058849561458909794 -0.01651354082348623
0 134 0.08562532605978272 -0.008478130726099818 -0.09797026233234721 -0.04051530493423566 -0.06189933587242687 -0.06709452431332559 -0.029880005778457015 0.03609998584919764 -0.04485423230398211 0.043009226551838836
0 135 0.07967045944339562 0.08563487037083385 -0.08139802835983985 -0.03011628014959547 -0.0034587157405035884 -0.08490368635278821 -0.07666430235042393 0.09743351562780958 0.06104804156842751 0.04040603686381391
0 136 -0.0097126662731234 -0.010368538089316386 0.007172751240324276 -0.08789839595474132 -0.003232598303815578 0.04629933089021842 -0.09509492665433647 0.05848063156142451 -0.01955201104275932 -0.0035600960254718586 -0.08685721456862223 -0.01401870232062944 0.09447690099459108 0.025996208190541496 -0.008496659807609818 0.09996804595078218 -0.057979948818775336 0.08181056380158166 0.061099499463928786 0.009871447458921313 0.002025085734006244 -0.009790867567045787 0.06031404808168131 0.08095450699323645 0.08618173003201093 0.07490324229235679 0.037110555917591846 -0.012888950295733944 0.08568251877949544 0.035977423191403624 -0.06249859184040995 0.033396411687362036 -0.06909808516498119 -0.04275943711412123 0.03674460574983857 -0.05672822520226728 -0.09094689786327748 -0.03478365018978033 0.027089208364549925 0.0940455794336174 -0.09832756221140028 0.010316687636071001 -0.04704591631860529 -0.07833703607186701 -0.08005578816051431 -0.07005159556666075 0.04507008194904879 -0.06074931472588705 -0.031807500869230385 -0.01728132925854374 -0.010718596167816395 0.02007001638381238 -0.0714142769575384 -0.013956558890013694 -0.01237827539431657 0.002589595271597015 0.01472670398653503 -0.0503333806993075 -0.052222669125031866 -0.07568295300006751 -0.014355903491286346 -0.08484248071781286 -0.06126404553591345 -0.03518944978751943 0.07112286984964943 0.05036197230225566 0.06019951030701807 -0.05403332784718742 -0.05118992924607755 -0.003251928137479606 0.08020708710005764 0.09751479327770964 -0.08061800897167075 -0.012309437618251328 0.07192966342208676 0.05931539461033863 0.04348813742386795 -0.04622878879252312 -0.03059181012190575 -0.09149962663654544 -0.07974489032989286 0.02020214870478855 -0.0305263511840076 0.01165766734634651 -0.06456425785829918 -0.004971819928687734 0.09334481507405881 0.07082296907866228 0.0523177310826028 0.084946230054025 -0.010567665101529006 -0.05691117793085185 -0.085099145769626 0.0759170800449705 -0.0037375688534886974 -0.09016545116837724 0.09830012917635 0.0774663686761613 -0.03287057206067148 -0.03945649415351902 -0.0038647949681828056
1 0 0.003251504833147046 0.04944375898769397 -0.0786247923680687 -0.05705486607521955 -0.06110160421553988 0.03618335731579023 -0.03276394685720554 0.006113260961734033 0.01877992789132367 0.05430211499199388
1 1 0.02772304975963672 -0.013542139873113715 0.05458406356685089 -0.08687594535446215 -0.09661696854408691 0.09724108868645868 0.06832879041284934 0.027308290842832303 -0.029576908818582204 0.012581544929548294
1 2 0.053333878526099075 0.020532172190018648 -0.02098873817751931 -0.03614484520186602 -0.0021563947835665774 0.03337378424094226 -0.032258279596220636 0.029068971063297283 -0.0693249851591077 0.03517204523185435
1 3 0.08657401057261294 -0.07345174993894474 -0.02966563779336984 -0.02961161736062664 0.04778210069614172 0.06793422988726569 0.0517653227466791 -0.029215496008402606 -0.08675801756933654 0.0018886923811314543
1 4 -0.05270221826601411 -0.005056202356439122 -0.005553782030795502 0.0015614091658772082 -0.01237798953447754 0.07598315913022062 -0.07211926571158267 -0.05607132982749005 -0.0036196769623456984 -0.024027019736008053
1 5 0.016540508727074063 0.0863412916869497 -0.03767596931821034 -0.035629939304535174 -0.05350766705459082 -0.015839422160599973 -0.03381441158032074 0.07196418942151038 0.02511954306092414 0.0384340584289977
1 6 0.09643327445964789 0.06583965571964688 0.003151321301210007 -0.055716335791531416 -0.023433828746765455 -0.027564143804048848 -0.05055668946850176 0.07382024826108388 0.0755557864737404 0.01760871335917551
1 7 -0.01824489798706193 -0.008071040814979055 -0.007960641691655045 0.010043394818504341 -0.04506798825374809 -0.04271820170850467 0.002554863568581687 0.027447093227510426 0.03647292411238901 -0.03256051615348254
1 8 0.04237658902935989 0.07535868137951475 -0.02041777968182437 -0.013446050694320161 0.03782691434296576 0.04232461006127611 -0.01792092249163897 -0.00943091511865944 0.04860856011679028 0.060211498290232986
1 9 0.020006274803045336 -0.0858064964429284 0.04494191333901281 -0.038690745827850294 0.03282770514852239 -0.09925539045924506 0.016960388044199165 0.09766515344085301 0.03839976713232489 -0.039072312413937466
2 0 0.07214415821807861 -0.021896045664866963 -0.01963176760316915 -0.036686874978845464 0.05723326653594444 0.05320257691255452 0.015256571654279447 0.04465088993434799 -0.0032682299769351973 0.017343247273348815
2 1 -0.0027650713531085207 -0.050803877411075844 0.02023812009886235 0.05505282805572736 -0.055601872505221674 -0.09850580989728003 0.06127345560368912 -0.08969630300924315 0.08464720099474884 0.029627393939892447
2 2 -0.03540285675271093 0.01761460862616717 -0.05340454725642128 -0.05341361837882994 0.07259982824413042 -0.05147535354826278 -0.051333166628058514 -0.07138712704116847 0.0351777747410276 0.08180478958776474
2 3 -0.02040910723498824 0.05613399670310713 0.0255486014887937 -0.04736583675591265 -0.05626779049914106 0.09011500330573353 -0.061942141560361756 0.021160077302692246 -0.04717594387681258 -0.01957130429166947
2 4 -0.0808907002079587 0.025569831948343315 -0.0716000124630035 0.06814437357331239 0.07811518013586889 0.0875200778153461 0.04828288409200628 -0.08500574529066333 0.017905998988515952 -0.032527744785312916
2 5 -0.021510070124079923 0.07309269157995125 0.02517444462666864 0.09511967737801523 -0.06864130496212142 0.05447223032884575 -0.024056648693430865 -0.09233848750326437 -0.037002753403686785 0.08190603547027889
2 6 0.002284890499866126 0.06691902876129714 -0.05287982896856031 -0.09836509822701388 -0.061497580261006615 0.0572063140618452 0.09661986677493875 0.07954353839135046 -0.06024156138897649 -0.09199921786058364
2 7 0.004748797494265273 -0.06834672390942051 0.06862725315419542 0.04024230318793014 -0.04252500459780939 0.0248797945788679 -0.03142922002423726 -0.06785167753780884 0.08849863706470844 -0.0706382691677652
2 8 -0.07988186184947693 0.06694877893980392 -0.08641372626680546 -0.0014034270312043237 0.04150184243354813 -0.026389574602053368 0.049185186532397146 0.07977063208663754 -0.07197599862060361 -0.0067146778557740225
2 9 0.04470236227686753 -0.09528993070458186 0.07348534465832207 0.06750927119137531 0.053855162115248795 0.09787366538663862 0.06979309024199519 0.0706500783559845 -0.06744845210840934 0.06842687725146777
3 0 0.0800063684538339 0.049029834564173626 0.08056490868174673 0.08958195147361077 0.07012848558554172 0.08708786966918734 -0.05045602475265101 -0.018969703446461997 0.06435057522375791 0.0068390071294232545
3 1 0.007185488938520206 0.04763507097950815 0.06648855656337939 0.09108088910250291 0.04501880333274457 -0.047006048258208255 -0.0760532766648674 -0.004073482934960284 -0.07694729417343968 0.06925060599922957
3 2 -0.08314878493878781 -0.08922247588790697 0.004754507447279513 -0.06790692360655941 0.09172574432036308 0.03316178919227408 -0.04267726468586816 -0.048348002124972804 -0.05167398973446248 0.08611865341108921
3 3 0.033983297635833055 0.040942780666309055 0.07682020961857616 -0.019557815091471194 -0.016681890888994824 0.013701307633736155 0.08810390523272943 -0.08384006466890534 -0.02710355442766364 -0.005742549914748792
3 4 -0.04903670400496356 -9.931564576668162E-4 -0.07822906970958166 -0.06809910387484248 0.05400710181206349 -0.0906817763976342 -0.013418125933962896 0.044173866516839806 -0.08907489478012069 0.08107637613744512
3 5 -0.01558195334724159 -0.008589535957564494 0.009606445204860302 -5.589902650740024E-4 -0.04686409231400872 -0.010222524367807946 0.06943397962200075 0.08106733116313117 -0.004537957696848643 -0.03288874031557082
3 6 -0.09217926114574444 0.02936699427864136 -0.005099249071323894 -0.09544937311511348 0.09696383773217292 0.03865461795366041 -0.05042599511982649 -0.062030695387282744 0.07793524115509902 0.019633239139579924
3 7 -0.08739838002613587 -0.02260265312079169 0.08987049759029125 0.027564400869111973 0.045515097617023145 -0.034336663845780935 -0.010575264574063607 0.04978981609229356 -0.025812517891298233 0.0849640891206672
3 8 0.034879110753169386 -0.09682859480503213 0.018787527456525968 -0.05078234523839805 0.0047342777280224195 0.009394454772216385 -0.049044221643698496 -0.07400663196855856 0.09525749832509221 0.05354060977573473
3 9 0.08002953974912587 -0.07684084029014575 0.05751128866652299 0.026628076964906794 -0.06349204474177932 0.0629421696719697 0.06540337192671893 0.03792682295144394 -0.08519287403149933 -0.030879592549243925
4 0 0.02628966044056099 -0.05939710892701611 -0.040917355559685134 0.03873722998106396 -0.0926985218808424 -0.06456176942237912 -0.07498013969904013 -0.014189392356731808 -0.05605087431131562 0.08636866504217376
4 1 0.02718656697167217 -1.748263757047207E-4 0.012332851065899422 -0.02855532243428964 0.06360717117232773 0.06272359193366074 -0.06438469142310309 0.05926671624690708 0.011541944931824293 -0.06454056500212485
4 2 -0.06580157579285988 -5.398452265943917E-4 -0.07969555258503944 -0.025625640532673306 -0.017399137830604813 -0.002757352560684693 -0.020854067047904764 0.05051116271929529 -0.09877860546596284 0.05928564815032771
4 3 0.086248390372609 6.231308152474914E-4 0.05473311990555324 0.07325128465726663 0.028309185060861292 0.029823476443930054 -0.0590693429087651 0.035772580651060114 0.03166241198672591 0.08136632293073304
4 4 -0.04687505958186333 0.012951737308309624 0.09098440408377173 -0.06530216335240203 -0.040345828995805626 -0.06754618135106677 0.0087296245450404 -0.09678945689000522 -0.09299048780414078 -0.0604757852547924
4 5 -0.05576406049304199 -0.07782410834652959 0.04236761480959941 -0.08718631417888258 -0.023581575584045045 -0.047572873566189305 0.0924618691400987 -0.004377335326737544 0.09805015473486668 -0.009797776151842972
4 6 0.043391276120123654 0.09371647233210151 -0.0015293657726883896 0.0697840824558015 -0.048343606270393864 0.09089981760359814 -0.08272020516336843 0.07773552832835097 -0.005471778115857854 0.08078192170273592
4 7 -0.08175255357662244 -0.08077590166391259 -0.08593559265172149 0.022286772731069326 0.06178550049249635 -0.031497143201610046 0.05835885554103491 -0.02042472362116358 -0.0777900069924653 0.08741982281982472
4 8 -0.09467814860652414 -0.006978368818146125 0.04820289462453819 -0.06278254090701607 -0.032691437765799726 0.026283841606390943 0.005785989560032657 -0.06175270675301981 -0.026571750632041626 -0.04802211371338486
4 9 0.030293339884478195 -0.03045194219902989 0.03819332643962973 -0.04504839702326871 -0.007444393836103315 -0.014114916296801328 -0.009324413740175065 0.08102570475565316 0.016220182189282208 0.0952515527896643
5 0 0.007573199475366324 -0.04999225212674802 -0.01964437960178347 -0.01885802108027423 -0.05743011085763713 -0.09798033537513776 -0.02298042735588587 0.08152284471321566 0.05183210222172768 -0.03541796282021105
5 1 -0.06767056882748601 -0.07270026207348912 0.0893811285460045 -0.01828239486457322 -0.049362093212519276 -0.008473652410967725 -0.09768152982334828 0.035838365559021326 0.08401077241055878 -0.09080777317390011
5 2 0.08421762284889082 -0.0932818800432231 -0.09732069077317451 0.05858913057046447 -0.00277521603124245 0.01872375051818965 -0.07967458667440744 -0.07067981359458782 0.03561745959380923 -0.055685441939856424
5 3 -0.031228059873778014 0.07576073708606468 -0.06945778427019265 0.024642879219566947 -0.019985716766096003 0.078916057911404 -0.08672945198989968 0.05014237013319207 -0.08944665643691423 0.010711384004189842
5 4 0.0027333795734003708 0.053625930075763044 0.08180148897190777 -0.040944080875786756 0.05395310369763678 -0.0063415467399779045 -0.08768236639441049 -0.05629480999515548 -0.08315734562206224 -0.021577471865746354
5 5 -0.09411227703132466 0.03878519684057109 -0.0728681236512242 -0.04094745963891806 -0.07856903225224662 -0.040247369556660174 0.05035419017080762 -0.03556762263105466 0.08897437900400815 -0.04693673178541479
5 6 -0.024516528493308657 -0.09970352800512557 0.05693778393902439 0.06797035777900513 -0.017864847572893406 -0.06182951850219616 0.014729147760013508 0.06144890936522313 -0.025240862719809874 -0.07603073865095515
5 7 0.025224333649686455 0.03292096407963871 0.06502643229223494 -0.08529116207810496 -0.08846165983229325 0.002274370262542814 -0.08828129617650368 -0.06744979324223714 -0.058467309943808866 0.03718993812652297
5 8 0.07658758760359732 -0.08446988462695618 0.08965199441457494 -0.09396863726662306 -0.09033496677170007 -0.05615485460406985 0.03335075826096031 -0.08984427154857066 0.025762552387618907 0.07055741548599775
5 9 0.021972328464250356 0.054819393936831835 -0.001280575957778494 -0.025067025690806995 0.010744040864567334 0.07561277593613229 -0.021427046475624833 0.06452382351558696 0.09518279131072134 0.04948298260373133
6 0 -0.06027137115765674 0.045695703472645476 -0.08619205653335145 0.011492872612424335 0.06515920161837471 -0.011068290102106765 0.004079467151873087 -0.08520600944645414 0.006399720904725052 -0.09913592040784687
6 1 0.04780916127939182 0.033856600604257686 0.0888284891431554 -0.053245045276324794 -0.00644738080855538 0.05671029543109402 0.09713628142141356 0.016529763096072587 -0.006029623511509231 0.0836340934391406
6 2 0.06843595951030164 0.016592347975458725 0.02697184124129548 -0.0698193460624509 -0.07274700702752805 0.050320081400137995 -0.08466805517439524 0.08215250075326816 0.03490875287670466 0.07659288494980226
6 3 0.03906110671776712 0.09890429669883356 -0.04989099499544456 -0.012624526373931546 0.0877426638744616 -0.01520856007904976 -0.027552133419249003 0.008293521605670165 0.0015335738078832142 0.058227706675776945
6 4 0.05260246989931112 0.04205806175400289 -0.0815145894595925 0.06795299055384363 -0.060862094207296616 0.04191260781386025 0.05212258548138298 0.092262975886795 0.01385980841235667 0.08533211050123578
6 5 -0.05619649959501463 -0.07816472644459567 4.017054775021657E-4 0.07326300440191856 0.08475200836097523 -0.01506795917198566 -0.005944931419762027 -0.004958462914807303 -0.056783407895989575 4.931747902012591E-4
6 6 -0.06844425201717504 0.002818816799236875 0.0625356361311989 0.053790461275195676 0.08279605209186341 0.04938595368933045 -0.09745900332794791 -0.09924663603056338 0.02508642151485197 -0.0022541941177123656
6 7 -0.04345367101160294 0.07638403779695757 0.04255702343298526 0.046898234611062295 -0.09903048718699448 -0.012304997030689213 0.09553452580370725 0.032282005978460614 -0.020659267863520424 0.008612108444821595
6 8 -0.043526254580753196 0.009600609573670654 0.013845157792904282 0.053734756993693615 -0.03926697370680338 -0.060620851793813574 -0.004368352707472975 -0.07041852177098012 0.03170849012337815 -0.058824062333609074
6 9 0.02764173786768773 0.04768466957789268 0.0817760750224225 0.05391823497150871 -0.09728583686831467 0.08674270665029414 0.06317244469199372 -0.008274751737268451 0.05278972913864772 -0.011139929258420478
7 0 -0.05459233003010446 -0.04245829584162337 -0.04052131250670479 0.05285746975373978 -0.029417496163958477 0.06625686582291136 0.052369736121964945 -0.02811320493897229 0.014294284372630492 0.08148194105420872
7 1 0.031947351990248625 0.059307754038717984 -0.018952542916251217 -0.04329722374791619 0.05954807251790941 0.08285049348815116 -0.03620716184473095 -0.05794779210875743 0.04395362734664641 -0.006528210825343558
7 2 -0.07329011700322104 0.07649947710041603 0.08169860393494191 0.0446300618836795 0.00349327312641252 0.01656183055162762 -0.09254983062649809 0.0642179398029326 -0.020558928984633143 0.006956255490732651
7 3 -0.0037250697853047346 0.021732479353634985 0.03733744099941475 0.0039040208925756165 -0.03477064893733301 0.055550403930361175 -0.09493793545800067 0.0715473368305949 -0.0300369914383732 0.027159940440799918
7 4 0.03893052409649679 0.05447994913653609 -0.09633584320975191 -0.07129667702145576 -0.07511509207703278 0.09545178703961388 -0.029632186544187828 -0.023682981634664185 -0.0389541201763078 -0.06752568481220979
7 5 -0.05651858447035531 0.043940138088797535 0.09997379779970285 0.09670247138574443 0.07373920827146294 0.04079269248376302 0.07526966930564762 -0.04839385677285549 -0.04217517373952749 -0.0368607826621447
7 6 -0.0447104051029361 -0.03911089891176018 0.08047263324883337 0.08113659922400722 0.04451496150855496 -0.01334926474756074 -0.007889228831861201 -0.028667187459929747 -0.06558561317935167 -0.09489046785533954
7 7 0.0059544564967144815 0.05901632456272104 0.09831132739611967 -0.08160191775589233 0.004183572726359476 -0.09775432947430045 0.04651308803577863 -0.0033064484184491157 0.04635468868372669 0.0385250635535989
7 8 0.07978446781409933 0.0034058571296502528 0.06075277924484047 -0.03716539219259189 -0.005688375325993497 -0.03668060154297261 0.04030420630956954 -0.06390319018837913 -0.021102171394891938 -0.09805171191527536
7 9 0.036669671520743824 -0.05483556540158832 -0.045461189002730155 -0.010078722620424935 0.08613313735249438 0.09968991575206067 0.0477319881230621 -5.811809937291655E-4 -0.014518797413470036 -0.039296150200461684
8 0 -0.0536542607876949 0.09600912786089405 0.013387692172447764 -0.023249249904856543 0.06012200558461862 0.04105160765394485 0.04041000449553777 -0.09591694169436653 0.0895318016260048 -0.030460286875793333
8 1 -0.07307880375349031 -0.037248380499249334 -0.08850786090249839 0.005178672261310376 0.036825317903316744 0.08376505969241485 -0.012620830893220211 -0.021605659292650885 -0.03611550479743801 -0.09466649592136216
8 2 -0.04154905700127015 -0.050185419724283774 -0.04025214167286742 -0.008158380167006641 -0.037588309405805424 0.09750393021191123 -0.014376252792825278 -0.05391233425184703 -0.09449778494800368 0.07468571512281402
8 3 -0.04055603239818826 -0.048991657878266044 -0.023377412945255582 0.05412269383602769 -0.043871361689181466 -0.006628465933627602 0.08760334559092495 0.06643021098044187 -0.024045998210819777 0.029913503664119077
8 4 0.029805844569489898 0.09001375731122177 -0.09444957227182987 -0.045760415495202905 -0.03045525584931264 -0.076743021647096 -0.047185659374758465 -0.05843228105414274 -0.09982955455038668 0.0389682426992674
8 5 -0.09550197418921123 -0.06646890936643521 -0.03296821564144356 -0.09547720849435339 -0.09290319682528901 -0.09202912447958086 -0.050674777493543745 -0.03697939960421361 0.09211634099093308 0.017463183033037944
8 6 0.008712100924616325 0.02531711390386724 -0.08645337073842142 0.01035611052123919 -0.08204164360925367 -0.08484160893535905 0.07113503659409308 -0.04533358284753765 -0.02128993907415328 -0.07925585656516773
8 7 0.07278461001849981 0.09859780218692775 0.03458244352932771 0.09271331131534986 -0.02156963941472034 0.09946154054154598 0.06946721676072712 0.05007589977460315 -0.08236440270244456 -0.0720742493907031
8 8 -0.05685763425068307 0.01797228496579214 -0.01882532797096401 0.09008511900794405 -0.031755477223027795 0.025660991712473213 0.0374160185100207 -0.09716351326228986 0.06397286801649106 0.032691247767156595
8 9 0.04718825971701314 0.017098134408278492 0.016153384004494443 0.04896746948307681 -0.07551975550405113 -0.08862199631432378 0.0960998832952431 0.08206193896844849 -2.897382392522736E-5 0.012161100287143473
9 0 0.08574839681219353 -0.04648314788662072 0.09253185242354171 -0.08838048577290265 0.010084730572403403 0.020095836373359044 0.02217500284263745 0.061702013015773056 0.055882193146319974 0.07400189340181706
9 1 0.031774055324010425 -0.05589423714800923 0.0623461418397639 0.033929586324271226 -0.08390580852224445 -0.003385204240998612 0.083582855824854 0.05354195085892961 0.07144714901161038 0.02512511602143612
9 2 0.0662673861275325 0.09306330227924468 -0.0010231196411101384 0.013626295103974792 0.09496712689307282 -2.362549785763596E-4 -0.08722145852524103 0.00823391693603704 -0.03228465463709099 -0.08485985551193827
9 3 0.04044988003184371 0.028731465379013072 -0.021315712497505697 -0.06302271036029082 -0.09195749464511649 0.051061052862503356 -0.023875039087886647 0.022633265710250247 0.07581084964031304 -0.06723904607266874
9 4 0.039524775031733544 0.027962733019216503 -0.07950980959753874 0.07047367838348528 -0.0876473933133478 -0.037654347753535274 -0.08244804290987963 -0.04604170844638745 0.03763683888104529 -0.05801603200798388
9 5 0.024567264896821466 -0.028657376561007416 0.04073899976164872 0.09140171123469146 0.08632410302176141 -0.00786722899525457 0.05115412538810831 0.06809984895867417 -0.015482807670736792 -0.024430608246688926
9 6 0.023721385780318953 0.06938619907631294 0.006266719212402168 0.002696067068138259 -0.04083747413387287 -0.05926068875767978 0.022045826559400822 -0.0066599189372241255 -0.05221815776956462 0.04287705567744447
9 7 0.0540072805134564 -0.09069381641421122 -0.007694018124758325 -0.060786824593483446 -0.025150347597355585 0.039854139199726406 -0.025438243581553124 -0.009857684352785818 -0.08146677174881764 -0.059236645617648076
9 8 0.06585671035149027 0.05408948626124689 0.06031198068044441 -0.0770156832681871 -0.07482746217619944 0.05153939098800351 -0.08974219842931043 0.07160797709640519 0.01905873999596406 -0.07718107125982833
9 9 -0.051987003660556266 -0.019826996916499848 -0.061041694196382126 -0.06576101472215103 -0.03924648102791766 -0.08994429545257022 -0.011406171206354426 0.03357832881391741 0.040646456077492454 0.07125042388813303
10 0 0.05244463728109333
10 1 -0.0636027523210137
10 2 0.025455128878914615
10 3 -0.04000847812905112
10 4 0.048151689825162346
10 5 -0.054458785447525596
10 6 0.029558592887647197
10 7 -0.01061938963999841
10 8 0.04333338171585637
10 9 -0.040542185711611424
