## RankNet
## Epochs = 100
## No. of features = 136
## No. of hidden layers = 1
## Layer 1: 10 neurons
1 2 3 4 5 6 7 8 9 10 11 12 13 14 15 16 17 18 19 20 21 22 23 24 25 26 27 28 29 30 31 32 33 34 35 36 37 38 39 40 41 42 43 44 45 46 47 48 49 50 51 52 53 54 55 56 57 58 59 60 61 62 63 64 65 66 67 68 69 70 71 72 73 74 75 76 77 78 79 80 81 82 83 84 85 86 87 88 89 90 91 92 93 94 95 96 97 98 99 100 101 102 103 104 105 106 107 108 109 110 111 112 113 114 115 116 117 118 119 120 121 122 123 124 125 126 127 128 129 130 131 132 133 134 135 136
1
10
0 0 -3.330406829320536 34.97404822770079 -23.679248250828362 4.608816926508899 -4.037545807742937 -36.136235537532485 -62.20603078336078 -15.37326630839912 0.10342686209452127 -0.5663623584382401
0 1 -5.158642955472867 35.51918188667837 -25.02708920383366 5.69207639774453 -5.197335911383692 -37.71420218394826 -62.250439907954686 -16.23955564645242 -3.1417786823645764 -0.019502194568253438
0 2 -5.200286947226759 98.92096361344893 -68.8802439488396 13.85749474205449 -11.20999726711865 -105.59061073655555 -180.89760776191417 -44.454514742757496 -3.43343676406728 -4.521302011828463
0 3 -5.518590928546414 60.28553817620958 -39.19362110882636 9.070389325005252 -4.458438621547231 -63.85419999409602 -109.68204180329599 -25.99258168443509 -2.6222084652490265 -1.2941043225730913
0 4 -4.426747690721453 37.30973401683566 -24.59151821526574 5.012341775145256 -3.971186643594258 -38.277709801460155 -66.26493856841162 -16.758990273110264 -0.480768142317442 -0.8596335806596804
0 5 -1.3961193554841356 16.193043356497014 -10.508179668489047 2.259556779519765 -1.8315618932103108 -15.563301298230362 -26.538449875710672 -6.803455599916101 0.28506822313314256 -0.09623029512127584
0 6 -3.299103538219191 17.319456409310646 -12.075892572878663 2.9061821301531494 -2.7102439853444733 -18.089222653500787 -29.401774625703805 -7.639267902367922 -1.8415633446839936 0.06996937669948218
0 7 -1.7462064892658007 44.23741501866926 -30.49418643396314 6.368529531786996 -5.166321521647286 -46.78903698466586 -80.18667399095149 -19.211855167098463 -1.1301689109893311 -1.5420074721334185
0 8 -3.547116547021349 32.438397636368244 -20.78749262802633 4.8347095205201445 -2.642962038384057 -34.03018070997455 -57.85786532643811 -13.609757978181994 -1.1232865364968634 -0.4882748262574186
0 9 -2.8666533975388373 18.14443458516002 -11.20534962912774 2.464904283166059 -1.957953435213372 -17.224224176481183 -29.70569685132035 -7.711590678667495 -0.29177647109690513 -0.5649328346564726
0 10 -2572.5837250113086 -18667.81149373384 13948.867288565561 -1899.6827371436575 1620.9207373876523 22415.820245236137 40392.37514671 12366.191399071067 7.913805292931318 -468.3530798556144
0 11 35.71645839916025 25.59376839044826 16.28883444040102 13.107935261478218 48.39295993954957 -15.276049834168376 -45.63126306366681 10.54660537011881 13.656750969650146 42.708678857747216
0 12 -8.636620518988625 -259.9359966834729 69.69254953020292 -24.48349449923211 -19.42964878000099 203.76760738580745 376.7420264955477 46.353691411582936 0.31599095523252213 -12.915908395681916
0 13 -2.4048603062454132 80.11395871255804 -32.845479993108654 17.001429445846238 1.4387591565007118 -67.79209034252386 -116.1828494504131 -11.409735612926216 -1.7170482127373423 -0.24155086329179135
0 14 -2548.0307017144037 -18822.27404160753 14001.990944678291 -1893.983493703355 1651.2340588874297 22536.492588300902 40607.35804105853 12411.646359046073 20.053442504574587 -438.95237080741487
0 15 4.448945269824562 7.708131028928903 1.6300222713745676 3.2091859283510527 0.08950497699875554 0.5314579912549003 0.043881684213074416 6.72653471498197 2.739057178170128 0.49029603260597154
0 16 8.053103286825673 13.218113877764354 3.6120756380205323 4.838836274534246 0.03501852559672006 -0.7284273241590935 -3.2740697902092615 10.316762318612252 5.107955347756188 0.628619781706241
0 17 7.69910744777798 12.53477417288248 3.2490422321596695 4.449987759822589 -0.06380046717379052 -0.45004071867420037 -2.362784184447191 9.787703539989444 4.534826586967535 0.6712914498697157
0 18 8.789940985065586 12.727041966104304 3.4754509228460546 4.528838831789475 -0.11776445040379295 -0.6228570892033964 -2.9478495832451004 9.501019540312692 5.078993717540296 0.6961070585558744
0 19 4.3766711977991966 7.674917284604139 1.5815139309816222 3.311334330537078 0.20125027813295765 0.35028261235340336 0.0775218307669829 6.814700746929051 2.5981928215652768 0.507740656083782
0 20 -252.5857556174363 1585.371229751222 -1112.2610487445902 198.77951645312183 -147.87213763618482 -1686.3040098081217 -2891.5958399455076 -700.0895775263984 -112.65177532094569 -96.83343024099314
0 21 -14.69579852095067 66.55788248032427 -47.27928213889969 9.061726794984763 -3.7152600908020523 -74.47925326228554 -124.68673792822383 -39.929882179993456 -7.50491497634945 1.8178729224030081
0 22 -8.425652227848238 105.55504555356978 -90.82657025403799 14.781178678639986 -20.22466519638682 -129.71865249694832 -220.0113564254319 -52.78693227012074 -5.7738630533957656 -6.19470736227816
0 23 -6.444227572411303 67.058936811599 -42.862006278151014 9.486512566919568 -4.204100408813944 -70.44279953412195 -120.71230934222159 -28.38158783913716 -3.1604912214981815 -1.5343552302032413
0 24 -282.1197326774697 1824.7223013777925 -1293.0083414260664 232.15533228397402 -176.08778381145027 -1961.108330391562 -3356.820569383962 -821.0717651454048 -129.25516923237564 -102.78832859312409
0 25 -106.14308263133391 735.4955895877163 -565.9628565021555 106.62946376049565 -97.2871439775882 -760.6696974689116 -1325.4414888917506 -359.59391680065886 -43.38511740067774 -27.27868611998145
0 26 -6.695825026978991 25.073512870598933 -18.05186662331941 3.316532258095872 -2.9069501733376715 -28.662444240729076 -48.105799171767856 -14.409509811131153 -2.455941097472192 0.9897642719072033
0 27 -7.527988271503219 58.51252077666883 -41.37149792520455 7.371583763242584 -8.442975699897673 -62.390789360512116 -105.62697509973938 -24.59531346675754 -3.867655099552135 -3.5451616234122625
0 28 -2.243763806108833 30.927409068660992 -18.74561539481683 4.359972608809066 -2.672261125616509 -31.966281857088077 -53.82808556082557 -10.784792554510783 -0.7928479306232803 -0.4361957347224594
0 29 -123.6003920416219 858.0365382267642 -649.2850435508607 123.15498155514115 -111.92882771216334 -892.0161168030767 -1546.3315694086575 -413.56941994975347 -50.92756805451566 -30.692930603470096
0 30 -159.79798618216586 845.2156795442487 -586.0088301129538 104.16242366168068 -64.22516750282475 -877.6916615230048 -1513.825541290605 -369.1000344371967 -74.80965137617997 -60.10713141314883
0 31 -9.192530973659673 39.783686950676824 -27.855788669115586 5.980123653393336 -1.964772709750902 -43.877015351349904 -73.2516781465788 -22.838192043166238 -4.8292293775874535 1.0803661692341038
0 32 1.4024322565460383 35.3444662524351 -36.95455550845251 5.463123886683697 -9.85238962036496 -52.09703707208982 -88.76910503052058 -18.94790211733921 -0.848482580049275 -0.34639071046436787
0 33 -4.507539547470162 42.07480596362103 -26.89333045394831 5.858227653305755 -2.60167127305939 -43.609306286783934 -74.74934509230627 -18.597812408764934 -1.9611871440122906 -0.29079642358064123
0 34 -172.89283936297528 954.6974311983688 -673.1235855788669 120.02976305482424 -77.86662485285773 -1009.6697476638888 -1737.487786037998 -426.57319847805553 -82.44317358826208 -60.046909206437505
0 35 -135.17559702983883 818.2863391762947 -593.7112263870931 109.16472029150555 -84.89363054862328 -841.9139415133133 -1456.9129651074857 -376.2230228867434 -61.54195295323566 -46.35288702947006
0 36 -8.503909462174567 32.46071996392445 -22.941552911422672 4.494030616415802 -2.579642953625036 -36.3016275647694 -60.690218353133794 -18.848905416390835 -3.5395848567600035 1.132292875932075
0 37 -4.5296747393526875 53.301368048046996 -42.18077613315668 7.041453308282372 -9.22000833641878 -61.41688666139388 -104.20364934223261 -24.02974499761286 -2.7012161027265558 -2.844115529781454
0 38 -3.443861660592064 36.54294560439665 -22.780600294053993 5.211702691102331 -2.58203096184477 -37.94212577634168 -64.35953132043106 -14.571158433488096 -1.2708563243049384 -0.5288144043856778
0 39 -151.6450027842771 940.4217079555001 -681.6470371307448 125.89917217296308 -99.33485963909509 -977.5087367789209 -1686.1611110435038 -433.5771078206675 -69.33723595271255 -48.29788736449097
0 40 3409.1555054354853 -13697.093414945582 5420.4033032056805 -1825.1873630146958 2127.9321015253986 7405.57990153684 11710.631287953562 1327.913709138298 1123.1111151329526 1331.064834103075
0 41 -25.529804543865872 18.83191437084163 -22.0868812893478 1.0773764993154669 10.827926027667013 -23.146193488471695 -37.15173589881349 -21.90327814415568 -7.383037781279823 -2.131005064651963
0 42 329.0533491583198 -1389.0436306235142 366.1316894735608 -84.29488601797838 -1.0498741921886614 716.0315108570479 1054.3081087298995 276.33896861619047 195.08221804781712 370.1527642804754
0 43 -1.0278401651902456 3.0695962326326254 -2.090172423767074 0.35673660455938827 0.06199850927431098 -3.046606045611103 -5.535115660139309 -2.189216344237643 -0.37891930647058253 0.03465303480902373
0 44 4542.033934057542 -18375.03950665622 6570.580754700931 -2165.3763964377417 2185.887973874128 9788.499704915163 15240.5086855058 2063.666215015891 1723.561517237434 2442.4459744245682
0 45 -0.023545924828977292 3.418696894906223 -2.177849887435728 0.4308788700924855 -0.3786306882561376 -3.553430183637375 -5.980797233436477 -1.4629498564514976 -0.04808634446070767 -0.17693700511237506
0 46 -2.483126553509044 11.322483995954675 -8.504973096417444 1.7001231630083646 -1.923435714278121 -12.38912865113493 -20.49300354609778 -5.632048762119959 -1.2082411979663232 -0.14226923668415342
0 47 -0.9648179146775377 21.2470096073004 -14.381145364047306 3.2364307228704328 -2.486459434152802 -23.00082653871674 -39.44728972006516 -8.80156715646361 -1.0113567677468873 -1.1572071585024788
0 48 -0.8374376273193214 8.00168200827445 -5.091975162538923 1.1538824359037814 -0.48191766525337026 -8.454838270789155 -14.437440338188784 -3.4820903802941996 -0.46609375041216883 -0.13212915854162005
0 49 -0.2928919236906228 4.162685478233877 -2.8233211472855477 0.508818417115742 -0.5224514487329754 -4.441908004337084 -7.733391237373484 -1.9933522639442942 -0.1436523863885177 -0.1853448153099073
0 50 -0.08842785415136759 1.313702006556016 -0.7938996430833797 0.08048319785270659 -0.10878888958546006 -1.4168189176710453 -2.4232503453485426 -0.6488712681217377 -0.16123712797456313 -0.10303323329877018
0 51 -1.9933357666939433 5.224896031685562 -4.032781250280598 0.8661925744449351 -1.0503179453075193 -5.630255614724298 -9.065514147970186 -2.4556028588549608 -0.7332247413931591 -0.21410982913773385
0 52 -0.48935875827782266 9.739194021208332 -6.456085111472035 1.5374725826548814 -1.339228397283737 -10.654327709450019 -18.18714699281779 -3.889741830444924 -0.3076022676099775 -0.3190660612390865
0 53 -0.4510562954963721 4.3020820257190655 -2.55935968839234 0.5438155514786507 -0.5060483594282615 -4.391218346937518 -7.433311590658205 -1.5588949813867685 -0.039759849292623425 -0.06927839657673143
0 54 -0.14948284862114808 1.9175300767746488 -1.228403920147945 0.2590578944069036 -0.1653678035748509 -1.9109756520237835 -3.504277978041738 -0.8303987514903698 -0.06805700320153364 0.032352282366687045
0 55 0.09708155971604492 1.779717281176633 -0.9123318016424209 0.2380120477722591 -0.13622607442720805 -1.7657119640844618 -3.1580159453817696 -0.5944256187557506 -0.0913997423431811 -0.11889631051527468
0 56 -1.4271850413546507 7.366187232815129 -5.407280279051567 1.228475981551486 -1.212137555856407 -7.990713787938075 -13.033566515897238 -3.5927585782115448 -0.9733233255121868 -0.03997128605778404
0 57 0.25153901461446415 10.015777036281719 -6.359765207355269 1.521014861340483 -1.195537899956854 -10.68743862089231 -18.246414041422916 -3.6441859620907704 -0.2751692942121483 -0.5595695352727278
0 58 -0.49918000236384924 5.466915032710072 -3.4371789508655883 0.6656562171308512 -0.33854532377437235 -5.669465465776468 -9.629049559585907 -2.542955431020134 -0.195050112455492 -0.03666715289879306
0 59 -0.07759979466588961 2.4735828111256173 -1.455610109763426 0.31356847089831996 -0.18949704092317693 -2.5398952969109967 -4.325972328495247 -1.0664674110537091 -0.05538247792366115 -0.04130615404615557
0 60 -0.07503226711490292 1.6071555004753182 -0.9549196251238445 0.20013155743107522 -0.17094610175245406 -1.568178464496868 -2.7993866737665494 -0.6278829360441592 3.697419706683948E-4 -0.14454381656376875
0 61 -1.915078308979823 6.340733038677822 -4.597256246935458 0.9198912498371956 -1.0288337837573136 -6.861548076536418 -11.150821921292795 -3.0622488910364902 -0.923810720624032 -0.03470692909065529
0 62 -0.19698970445977085 10.19547266773553 -6.6406589439136425 1.6369867367088777 -1.2655700550702882 -10.99036150467517 -18.69888449827016 -3.8811101988960477 -0.3500991673829899 -0.39222404673815897
0 63 -0.5377152720741125 4.862845099037408 -2.995098570457376 0.5907423449287722 -0.40165948485478614 -5.098677000052822 -8.499750739445044 -2.0033344937918005 -0.11249334643366528 -0.16973149890368833
0 64 -0.2296830431969686 2.279793827379551 -1.4669987156754867 0.34040001510306656 -0.15991923641392986 -2.3220523080281477 -3.9666985128610386 -0.896772669242486 -0.1739706757632177 -0.05455663341356099
0 65 0.05551332374255486 0.03249947079828424 -0.06760520146654234 0.018089729404631605 -0.07570982686004263 0.07749853971175871 0.03670972483423966 -0.09690077166976693 0.06917756927787569 0.07508784021737146
0 66 0.008304536314155442 0.24004881255662314 -0.14775410394635952 0.06447511334958991 -0.004450716362398872 -0.42240814316216985 -0.6166981150001514 -0.07113433247193304 -0.06824445203835627 -0.001308762944290998
0 67 -0.013048375574799712 -0.1532651518878443 0.14890087636431398 0.048722945631030745 -0.08531925087573372 0.09265122635235096 0.15528530013533481 0.06587158521964605 -0.06401852357977515 -0.08292812403053486
0 68 -0.03614112027136182 0.10062021277909382 -0.11422712115228534 -0.03024426019728627 -0.07361496866163281 -0.11572070778599959 0.005616173529611351 0.03476883175881593 0.05961851127568857 -0.07937819489567678
0 69 0.008297786427951986 0.02740834089782591 0.08497901481219614 0.03967665784201705 0.012311439154788679 -0.024502862840874634 0.03185510625758052 -0.06184641809801978 6.86412493818582E-4 -0.04449407805455601
0 70 -849.342061069057 5837.013697239807 -4380.90117455218 723.7096592515433 -587.0983724264519 -6280.4109971651915 -10812.520673316902 -2833.8626255566646 -367.9909735726997 -214.51807882993126
0 71 -120.96019385800908 530.8765512938912 -384.21611673912344 72.125040007453 -31.241782684000516 -604.0978145171711 -1012.8656092966096 -334.51852728773343 -50.42839012834073 22.78817179114671
0 72 -60.53016342192583 777.2221143889918 -651.8309001224135 112.25424759465032 -141.41436734085664 -930.6579144206845 -1581.938163699066 -373.12793055082943 -35.378007156373044 -29.06180945325519
0 73 -44.125562094653915 562.780036416585 -367.8385922399419 81.28208075351779 -40.80041365875171 -593.0768591186868 -1017.931981388982 -247.24408740684777 -20.607854673914357 -11.44761166632569
0 74 -942.6185928108337 6705.451823074543 -5042.740000692778 853.8842756385391 -693.5345598085605 -7263.820537843522 -12484.433124334519 -3284.5753785023776 -401.6052744093141 -208.67074189376393
0 75 -329.0439358566249 2478.8344204172176 -2010.732313917937 362.378184780641 -351.21753761725154 -2630.099127616177 -4526.999081856663 -1335.322376710419 -93.47417563738281 -62.972596131363815
0 76 -59.41652084176772 203.1690560740046 -152.31111941662257 27.696462050663996 -24.670785441192866 -235.6802204021446 -393.7904319157583 -126.37567497492097 -16.852820677542944 11.540253960987569
0 77 -51.413135600979615 400.9377516196155 -279.17998209315965 52.617023884624814 -56.751880783105925 -421.3843576757587 -708.810308709515 -168.07311379311682 -24.776658204942237 -23.856807152955625
0 78 -18.4479628841335 263.68306131242275 -161.2919090637051 39.48644213038019 -23.851346932056916 -269.7627226599481 -453.41216477778005 -97.33710018171735 -5.825271680597937 -5.524560248278697
0 79 -391.8847527750273 2917.0757119623995 -2300.4886247978916 423.4818835267463 -402.4242441749852 -3083.681729488575 -5284.522773596008 -1530.6235505029836 -113.45775531861808 -71.24336646669143
0 80 -614.550490245292 3755.160300123366 -2854.261657542971 428.3668669672565 -346.31555212446136 -4002.3409393314664 -6922.954325544289 -1847.742856197128 -256.8095879803519 -109.26221543617012
0 81 -78.46689965906704 338.95492101812965 -242.45455685675614 49.30919781572594 -19.618753622631235 -382.7914441025357 -640.7114269532603 -206.73157145085236 -33.46157367458141 14.33864182433672
0 82 7.053884261178245 328.4952018953829 -314.94206855093955 51.97410233568956 -77.55799926145744 -441.02387184060353 -754.6473888836477 -164.9220059279424 -2.097796861113423 6.825478502028915
0 83 -30.67364150886918 384.60747285633687 -253.30507293191457 55.33675345282378 -29.464853456537835 -403.09345814475125 -692.7225839750241 -176.01612305704995 -12.673730964567273 -3.442098905241219
0 84 -663.1438099763564 4269.2817612653735 -3261.710551745603 508.9517475737025 -412.74960291412765 -4598.564690165117 -7940.189332786696 -2123.695830273969 -271.4679399083626 -92.77616581337064
0 85 -478.72299501302655 3174.6431228603246 -2466.4841970743155 412.64219835303487 -361.0690299186121 -3360.437110188379 -5794.697053311064 -1621.1367957179489 -188.67440327363195 -99.6769158725168
0 86 -72.78164368424017 269.52230642710566 -197.1868687708052 37.91223528202815 -23.23074219272679 -307.47715032238114 -514.7604111226453 -167.3151060156602 -25.32651224006403 13.593405600041176
0 87 -32.179900821522665 404.7112208594598 -313.54319632741283 56.23130506062743 -67.7759962969324 -454.8960727538789 -771.3503305468776 -178.8634654551603 -16.06900938650252 -14.188428701113443
0 88 -25.047125404106488 321.3751507743682 -205.06957618053414 47.26398850544318 -26.509966543334535 -333.64896826122924 -568.3363859347392 -133.8120670730153 -9.245024113253095 -4.639273188349476
0 89 -542.5294287921176 3669.9529533495415 -2821.476817774037 485.0321779602778 -419.64917730039076 -3896.6176089113774 -6701.497499686581 -1862.0197294679367 -207.84975587485286 -97.81412322023475
0 90 88016.30582822533 -212691.31244847373 37113.8370145999 -31943.277961931035 34154.9693164954 83799.28732412767 110001.32226755662 -13267.79429184923 26844.65952578515 40506.89868921661
0 91 -781.0389834484995 361.40289672085925 -655.0454479719654 28.743363238273982 751.4768912929702 -734.0121001865525 -1393.3871219900523 -1232.4754342910903 -161.9017976874297 191.2742217677308
0 92 19322.99480190669 -63477.293103682154 18012.085007403108 -1477.896095887218 -1598.2387310579534 32483.76624349009 46511.67688513589 24348.85134633204 12225.178182471487 24459.808932428474
0 93 -38.03330477706391 228.4928286251405 -202.79612493556544 19.446436275563304 -4.331892203724796 -269.1264343799903 -481.4153678482852 -197.65928187045336 -15.424428494930998 13.173730470441111
0 94 112236.24226931037 -255377.22605948691 44417.38476278762 -29037.74570106973 30690.60120283313 101812.93162082451 130188.47492876565 11217.176757742584 42402.27269321734 69901.4557583318
0 95 -2.5165969892363385 20.324331131895597 -14.292640337657488 2.67190608381563 -2.7376055276566222 -20.804484418800282 -35.715835804085216 -10.144577742735999 -0.02712725421351317 -0.05402288591462249
0 96 -3.500108721652451 14.634178405322137 -10.45966341051628 2.556309788480893 -2.645186462714751 -15.430567410218435 -24.945951581401033 -6.394532584457116 -1.5841477826719221 -0.038542903174900764
0 97 -3.776659804050455 45.34119557666655 -32.92356833811184 6.425870339849511 -5.958732990168705 -49.155879496159905 -84.02434146161649 -21.069869493363534 -1.5410932770323384 -1.1117477384308563
0 98 -3.0160397966002064 28.487317200829967 -17.54660258200062 4.238591876288315 -2.549747679570969 -29.61326760998532 -49.761530144049686 -10.55488976698751 -0.7472959160159841 -0.5668372523562832
0 99 -3.463433049528161 21.38122931854426 -14.33874977959314 2.5839961914468983 -2.506935811154602 -21.40595727469952 -37.45305843790707 -10.448071819183454 -0.45865611593479094 -0.2997235347132098
0 100 -1.3243147634560954 16.674081098061457 -11.135243022543797 2.414722144342792 -2.00727112103445 -16.388361386200216 -27.909391144569224 -7.09738420042805 0.2829899452814922 0.059631856825947314
0 101 -2.908775497551917 17.365807785463236 -11.961882471327774 3.0551668946462875 -2.720885086741436 -18.256096625219378 -29.75697655849869 -7.670798264450978 -1.6425758006498685 0.13224351631032025
0 102 -1.5726788295829883 40.59439844270266 -27.62134462033531 5.859335206769197 -4.45677364645239 -42.8296474545806 -73.4428652511004 -17.585321257298716 -0.8957016779593218 -1.360018831551616
0 103 -3.1508247273083123 33.59429691505779 -21.478663582025597 5.051789437436123 -2.668297680879906 -35.32615538021527 -60.29936852459957 -14.346226232900134 -1.1299557024654792 -0.20062253331859956
0 104 -2.7995264045348587 19.662260590535368 -12.379843740723109 2.650555229270609 -2.056967569402023 -18.825764235313045 -32.625409525995224 -8.278351235662633 -0.5825923509732258 -0.2746823067629861
0 105 -66.52858539913855 773.7857989694414 -531.0066703367778 105.40546649821192 -81.12071495872395 -799.9476070648323 -1372.0451207196963 -368.4016927487064 -18.94811006424765 -16.706452116877635
0 106 -50.19425950562648 299.71995546421476 -224.57209640865722 45.95225032253255 -50.28028672919546 -331.87061648037434 -548.1095771184052 -151.68055648331108 -25.010104290110366 1.3067683417264473
0 107 -47.24218782321517 923.2171976379601 -635.6658277199925 133.3916253078857 -104.9310279766187 -986.5523243052211 -1690.7378457557315 -405.59539389558955 -38.00007497910897 -43.77708096262007
0 108 -43.33369514716069 541.0623753039386 -355.36768189853757 79.41296721922251 -43.428580690115425 -570.3786970831305 -980.2414517371295 -244.5791482001208 -18.716606475985845 -10.62681372345714
0 109 -79.4221594389863 841.8866154052777 -572.8692954153183 115.0111620545982 -84.73970469636362 -867.1249194951998 -1497.9069513193508 -404.46724649031137 -26.983004056556407 -18.543558127449028
0 110 -39.21182239832093 399.9335396454696 -288.81168368871033 51.01788671791903 -45.54291680192177 -434.1433703097732 -746.4935571302556 -201.1596929840196 -18.061869584686224 -15.239430138221078
0 111 -30.724097332680152 137.29480331413217 -110.33165322311366 17.96267698760179 -20.54491526026327 -158.08846076433616 -260.9458129051628 -81.4442878171878 -14.64847115484615 -0.48126278403260114
0 112 -41.72140494510536 475.8212565832741 -349.71352332972714 63.871160045447894 -56.699817974634655 -525.2487721706761 -897.9949921964892 -233.35972857029185 -24.282524337506867 -26.6820931894415
0 113 -20.639915222285783 211.15959070829834 -152.40024520685745 29.332329240459504 -16.749651918199582 -239.8454476300288 -410.36933075946985 -105.21125188621981 -9.98621833603531 -6.768675000712468
0 114 -45.48895892299189 433.88094253551736 -310.9821354088118 55.46701600526022 -47.21922917247312 -470.29159368952253 -810.7376219843854 -220.2308898844142 -21.435182846968345 -14.973690810429058
0 115 -38.7899455552648 260.2515247885058 -193.46664227047359 32.22658818499176 -29.59895935201615 -284.70473885283945 -486.05361328593307 -133.97548770413508 -17.596977427807495 -12.294123094448203
0 116 -11.657265430129076 32.54464315486755 -36.84366156714866 2.4556960448729077 -4.763297121680156 -48.379126504226065 -79.99894360905445 -32.93152675264016 -6.095124403526047 0.7958403295038262
0 117 -16.51860600044314 130.32867880421261 -107.28561445500794 15.543317977643095 -15.940950383139478 -153.2757041225742 -260.83977222757864 -76.87933533809068 -9.389684259625934 -8.603030962044452
0 118 -9.583274275150524 75.1352659726358 -65.53738524247491 9.30091461092626 -6.914335386742306 -96.40394329504032 -164.03714251971263 -49.39347905064202 -5.0513699283495574 -2.0408729639953167
0 119 -40.056190891022574 281.36046391456205 -207.67759248502097 34.921599816931725 -31.232496244275353 -307.4468282242628 -525.4734067642802 -145.5256671162946 -18.645136488029028 -12.238599419901675
0 120 -38.30818661874479 378.817294877141 -276.79099651955175 46.804241821096994 -43.96250397191378 -414.95951313581327 -714.9815025104018 -195.795928835323 -15.580669703574536 -13.224740284040987
0 121 -34.630953500411344 169.69509783031893 -133.37671146070062 22.321095353126033 -25.98642572907837 -192.96088238333436 -318.18124639248924 -92.80604896774834 -17.010019822400498 -0.9232010133397468
0 122 -56.79828450488662 625.9066729581275 -461.26748890373284 84.61640380545143 -74.93894493351755 -689.9492634727433 -1181.0455333999632 -309.560771601237 -30.83385979807935 -32.67156243371406
0 123 -26.664880960596335 277.7577259870075 -197.25197900050293 39.41257265825905 -22.075538913311604 -312.4414824812046 -535.6557300845703 -133.16057269823452 -13.673946133976997 -9.706620283730963
0 124 -43.205653418047405 409.7983801472357 -295.3747416244481 51.43024630840307 -44.76006206880666 -447.3611103034232 -773.559614593408 -212.58685464637486 -18.672313079070047 -13.27490938397627
0 125 -0.9734427711611782 7.678809597920882 -2.473569659984814 1.6855634189717659 0.7443292642236056 -3.9658315538009195 -4.8590985447065 -2.8300544316512957 0.8537999689781718 0.5477070612941438
0 126 -71.22712920364775 527.2183115397512 -253.25120745816733 89.33058838024017 12.490602061523862 -436.9265104127973 -762.7354349080455 -122.42428182920322 -32.24309590172634 -19.29592496285419
0 127 -4.636554766558644E7 1.1577285238799226E7 -1.18974319046396E7 8973055.480599023 -9953173.809069753 -2.1847184244095974E7 -3.467508430655297E7 8239965.042499998 -8754298.254571093 -1.2753654614243198E7
0 128 -109.07862638350278 528.4790019852286 -390.064130168837 80.03375137479775 -75.24271311698631 -571.0784431596479 -941.6291426287949 -256.6200852214002 -28.25427708087498 -16.80444627232279
0 129 63258.18054670146 304367.71978088625 -251370.28835036824 39387.23814463123 -114695.97541737196 -389453.00089972187 -630897.3750742933 -204565.22528096457 18600.975190722933 -24432.839814604817
0 130 22076.86217146085 584618.7277591923 -393873.16379249893 84143.22711289812 -88103.81291261768 -658405.3974734552 -1036913.637779648 -280183.42474998435 -250.57134701517745 -5722.370825859747
0 131 261.2778764682039 -614.8417030503385 413.9928384751778 -97.38727310521212 96.9482891149392 576.5339831636043 904.9221681687061 246.64891991305166 18.476994484614732 -7.196036678020623
0 132 90.16534732637965 -1301.5824927847577 937.8223471486193 -189.5617822292653 268.1173537038224 1438.2817125300041 2262.060465935625 530.3765657793026 41.77957269115972 8.394792132652228
0 133 -73489.99267586024 184120.8608552436 -144601.94505801762 26789.252351753563 -10143.528499308415 -157197.4731478029 -265290.60563279624 -129261.02199354407 -26189.628629413557 -18009.096539621827
0 134 35369.34091916579 2822.842063869817 -22503.864116848505 -1992.7319980054497 -11741.14619603868 22373.531200153157 16095.825562659656 12305.198787329844 34687.62935751983 5087.088684102817
0 135 1.525284761065589E7 1.0247543984808505E7 -1.3613351188526567E7 940598.6017766943 -9795544.95770348 -1.1403268968640069E7 -1.7842626304562114E7 6141838.95629724 2729614.968574157 -1690733.0984377875
0 136 2.604557381181349E-4 0.5110913679645827 0.1694076238491978 0.16122900968695314 -0.12304141826832615 -0.03391587390475733 -0.010999321052407671 0.2627830027839874 0.16213710114457666 0.024831222148724765 4.548509615127649
1 0 -2.69678182061127
1 1 -0.11298909489111897
1 2 -0.12697391024757532
1 3 -0.26244002521803866
1 4 0.719987471853259
1 5 -0.3388403638926602
1 6 -0.37988401904847646
1 7 2.344572979261919
1 8 -0.032754921690107255
1 9 0.12786676861735272
