## RankNet
## Epochs = 100
## No. of features = 136
## No. of hidden layers = 5
## Layer 1: 10 neurons
## Layer 2: 10 neurons
## Layer 3: 10 neurons
## Layer 4: 10 neurons
## Layer 5: 10 neurons
1 2 3 4 5 6 7 8 9 10 11 12 13 14 15 16 17 18 19 20 21 22 23 24 25 26 27 28 29 30 31 32 33 34 35 36 37 38 39 40 41 42 43 44 45 46 47 48 49 50 51 52 53 54 55 56 57 58 59 60 61 62 63 64 65 66 67 68 69 70 71 72 73 74 75 76 77 78 79 80 81 82 83 84 85 86 87 88 89 90 91 92 93 94 95 96 97 98 99 100 101 102 103 104 105 106 107 108 109 110 111 112 113 114 115 116 117 118 119 120 121 122 123 124 125 126 127 128 129 130 131 132 133 134 135 136
5
10
10
10
10
10
0 0 -0.007430861670598719 -0.03895887509282599 0.09683510183404091 0.05448477693832694 0.033900827217345525 0.0024622347866887027 0.030116588851009617 -0.06171047561563585 -0.08218746169909473 0.009099685254059985
0 1 -0.02855723989978148 0.05050062706546001 0.05450745224338299 -0.08503045096585525 -0.025986728696581998 -0.05644588215549372 0.0781230786432267 0.07764220271585554 -0.03553970560922513 0.031383138055233226
0 2 -0.03291509983294476 -0.04435599350308296 0.01796672582995213 -0.053348384768467906 0.004952918622252893 0.0646819122664483 0.05276692854705919 -0.09274120060024447 -0.03380325873255815 -0.02321598898418728
0 3 0.05062189333020035 0.015775708378802572 0.02916725454889478 0.04987954221336376 -0.04864902449457415 -0.053029973459899335 0.05545618742798277 -0.08502938892161892 -0.09803615930273904 0.09909290855406999
0 4 0.021521901526545442 -0.05639496599807114 0.08805015931996364 -0.03834208546950667 0.06749513033764512 0.01794705753386409 0.049897949367758904 0.010243989666557074 0.010421076201735045 -0.001221793988715158
0 5 0.0494300475961702 0.03851035722659176 -0.09604436972255222 0.07343544838581986 0.008510829999152012 -0.047809796038234646 0.005630314711929034 0.07958713778991415 -0.09148714401689971 0.08386623335507525
0 6 -0.08324217308963515 0.06953381850033363 -0.05538734450909078 -0.03378892519914807 -0.08166212848258096 0.07594338819329825 -0.09037444673520885 -0.016164798995545543 -0.0731906239998267 0.013930361435006129
0 7 0.07038214689929133 0.07344515509959651 0.035386946460105824 -0.019065192572235486 -0.09289452314752765 0.052620831669179 -0.0011197430487251225 0.026844068799152444 0.011688612143853166 0.004517067200126113
0 8 -0.05734799734756275 -0.023951296332681508 0.056525155580693334 0.06692428190898891 -0.08785963221712775 0.06882429102124309 -0.08984406654535892 0.02215944501983645 -0.08108601157935517 0.08807547191638483
0 9 0.07199900656323754 0.035930397762659945 0.0664969883823762 -0.0035087113770951926 0.0939543034445127 -0.09090349607976772 -1.180086726258987E-4 0.03448503992735832 0.08896618642795812 0.025969953865283404
0 10 0.09168586054672614 -0.05016061126686567 -0.05089411108677099 -0.07780283780469935 -0.06503567427991672 0.02051824533642972 -0.09029458496803164 -0.014686652324299406 -0.020044925448559667 0.011094000406750768
0 11 0.042964287732420746 0.08351176097450813 0.013112658323299647 -0.046906499951186065 0.08830884167349733 -0.09249289341494434 -0.025842127764164648 -0.05296089004566401 -0.06528695625796833 -0.011325503406763686
0 12 -0.05630698660865788 0.05823255238990954 0.03037459446728297 -0.03152239779204971 -0.04928589858858123 -0.04067863519020582 -0.06774267494583963 -0.06256403883829874 0.08120443998221116 -0.08830117858740603
0 13 -0.0483614966082951 -0.09771281215028464 0.04802914275966315 0.07274397780184444 0.07799568758242698 0.017881801966474223 0.011611051723402854 0.007118773060729057 -0.08420151152198554 0.002693199183751309
0 14 -0.08998833249282218 -0.098972631439117 0.06833155063433462 -0.009050165567507802 0.012804724656370815 0.08942513615204459 0.0701681941138827 -0.07819799086229344 -0.05251162440580821 0.07220705723638739
0 15 -0.06473603212000434 0.06873604814735283 -0.07699898475220682 -0.07288044042448759 -0.05483213979820989 -0.02104893205182291 0.08855058383393925 -0.05687907011990718 -0.011120342888999327 -0.024434752620033938
0 16 -0.019476170527294872 -0.020418164296210732 -0.0037680936127203195 0.02483914926343327 0.07348179871114187 -0.01572661356339427 -0.0849020495727904 -0.050688396809994644 -0.035513182413662484 0.06532038943066322
0 17 0.006726564796682281 -0.09888613458825316 -0.03612842143192972 -0.04800831591269046 -0.05910429412738806 0.06348052284470311 0.02206795318841782 -0.02079309387508978 -0.07610001096773181 -0.09630543779704588
0 18 -0.07101848928480264 0.08622511940668713 -0.09201281429313472 0.08956384865506524 -0.08993481622795327 0.098092073959495 0.023914196947574688 0.06130014656579218 -0.053107528755192174 0.022201116965848988
0 19 0.020000558629208232 0.006520192490144884 0.06874212606778651 0.03361334015656793 -0.040859376003112256 0.049033795789384084 0.010887691346166543 0.03685590217503052 -0.034191202126608325 0.09214637618319073
0 20 -0.017309415521636676 -0.04140926781233981 -0.02283261882216188 0.01969288748539727 0.03391165720472536 -0.011167164019668755 -0.04924474630586713 0.044276968589267864 -0.07946143489991024 -0.03376774858187828
0 21 -0.014521780398181361 0.03166807299329042 -0.017615725630583428 -0.022809959296946226 0.09724156752730947 -0.05879282763838296 -0.04796459247052138 -0.07661950400628323 -0.06928070651613802 0.07940419284155875
0 22 0.06961438942636984 -0.060178596095065845 0.005468791358714665 -0.07284623092286509 0.0285489856919087 0.07531688490925499 -0.04004591507662163 -0.05522462717186137 0.03407074593561339 -0.006284346340051807
0 23 -0.04033924329695344 -0.016780621156906195 0.016751264131560573 0.003014130265485044 0.05297294142361043 -0.028307575680110702 -0.006431270063040716 -0.07501636859200281 -0.026539528503741666 0.029025562862330174
0 24 0.027302985485475304 0.019690220617977185 0.030769446642173067 -0.0686148332954175 -0.04341516134862746 0.0035602970856614203 0.07419736564733113 -0.024608129004499667 0.04034016738879087 -0.04652545255713813
0 25 0.06385662172178055 0.06151716846593558 -0.09332962231865068 -0.0318888182768674 -0.07250588984836222 0.025624338893346442 0.0556096159666083 0.08714466298193985 -0.0456700151355787 0.09145362616526181
0 26 0.0013900040940402051 -0.022130863385431687 -0.032058053053788456 0.09552730624992292 -0.066278168107246 -0.01915561888488948 -0.025687411937674032 0.08726979178405689 0.06339599478061085 -0.0026047855576956666
0 27 -0.08638595803653562 0.02927729973719312 -0.09369290275181388 -0.08823155994594663 0.04179367571065751 -0.05798035264358835 -0.032212659295132416 -0.03576793661749316 -0.08277172340119296 0.09538556580883573
0 28 -0.04756433889900015 0.08367568599766083 -0.034522987155477816 0.06659831574970887 -0.003610932173127252 -0.04468777557443015 -0.02316660009012543 -0.034977309261184066 2.0246096042647263E-4 -0.08006273921712725
0 29 0.06044854002102551 0.014470663239890177 -0.032915593089208876 -0.05105523958470878 0.037033111927776766 0.05636630114691657 0.08963951126382476 0.06580462778805031 -0.05131976487647413 0.03623355321010016
0 30 -0.059128265822532534 -0.004707016917292196 -0.09524510026164994 -0.08669873559063082 -0.09137147381023025 -0.001412653278697655 0.09058763771457158 -0.029439267055568423 -0.04065077683819225 -0.011630023599743246
0 31 -0.09608683645180749 0.06520553100987107 -0.02218923275342902 -0.07222981950088635 -6.334728637324252E-4 0.06515587830382487 0.02542713373590071 -0.0870173094376569 -0.08593718967001668 0.09282435152550118
0 32 0.06756375110767822 -0.03315844064641017 0.06413120595524345 -0.058791466820476986 0.01198700216177346 -0.09301897449491303 0.09221737978842115 0.07013699091803488 -0.044216615983619825 -0.05760427230423692
0 33 -0.02355520543865652 0.09290438538790467 0.07547687561849407 -0.03668014722433709 -0.08143904540951025 -0.08861953211803839 -0.039899342645857906 0.03683741977824672 -0.029884285215513912 -0.02173053159693384
0 34 0.06150339531571318 0.03660544850158037 -0.07323713368286587 -0.0596660283236698 -0.0934179226332802 0.09595018017798834 -0.036503464886322536 -0.0031892754438956894 -0.07439143031989427 -0.08684922771466765
0 35 0.06873216984820588 -0.09277629099989713 -0.004475070339547463 -0.019404305564930682 0.05856647741158011 -0.03255879719498412 -0.013233371336785083 -0.07263961801239281 0.07795817213579607 -0.060910204415384146
0 36 -0.08859907165354476 0.002592338358513931 -0.04442590459981325 0.07849639828044815 -0.0297360785849595 0.0200748364361034 0.052118312222837276 -0.010888170696726537 0.015840979653818157 -0.07495708503346192
0 37 0.02783922996377905 0.04207219089769894 -0.013394828159221316 -0.0827300810418831 -0.055995867635915464 -0.009818561329676796 0.09726675686476145 0.05798064060806802 -0.059581716340175006 0.09030959383930606
0 38 0.028082281692887723 0.09563393496262111 -0.037542546780595085 -0.03419328430752977 0.010221799474391452 0.054459376413035915 0.03648513443357972 0.03708262375237691 0.053589153805478684 0.05314644941808512
0 39 -0.07838896052422542 -0.04153241640649251 0.07532590264056813 -0.08445984140225182 0.07498438244984329 0.06996564233353442 -0.008440134041680966 0.08903651467223207 0.03355601179016336 0.0838665350865953
0 40 0.025282706396266175 0.01096093459580313 6.227881415722099E-4 -0.046769584051814125 0.05668497315299723 0.06579043131013569 -0.09206211211418436 -0.04993953263849218 -0.03272663805442742 0.024363793752199717
0 41 0.04353711252733948 0.0147670320767758 0.021459163469999317 -0.09835101198936845 -0.020529960135778413 0.05178160367812105 -0.07388123736506128 0.07227894496790775 -0.07546037203936116 -0.01225421736270837
0 42 -0.0700261343574208 0.07819017171346088 0.06657295575361666 0.075038625256014 0.06902666774777905 0.06743990912277999 -0.011078937218105066 0.07605890386950474 0.025371026484482542 -0.06243332065374176
0 43 -0.03750230125138176 0.08528897567341089 -0.0063679812013255396 -0.09177012244094325 -0.06625967333897241 0.05295140559681636 -0.029185387111106704 -0.04721714840061526 -0.08219303414850195 0.0448400533849657
0 44 -0.040338559680886336 -0.08908453572402447 0.056900603852318266 0.08186649346857935 0.06880258620405413 -0.046120174580780327 -0.03593891595287115 -0.06859012615216707 0.034474603794100646 0.024955100585872348
0 45 -0.05771643820152875 0.0061502816071745126 -0.02113637204679136 0.03598334820602408 -0.01329796610487211 -0.059246384261359156 -0.08787322457622343 -0.028217163653248584 0.08310155531917478 0.03782945305032945
0 46 -0.005113805297707234 -0.039533925225998134 0.05254859871101996 -0.05595939864402889 0.04658739850425851 0.07913667988364337 0.03210923784979089 -0.06351450614689161 -0.01727731495647899 0.06488257093292646
0 47 0.05154739455365019 0.028342202823150593 0.007023939530695867 -0.07537611816150512 0.02204011499852856 0.07377378558734503 0.005312195157389472 0.017815971791267926 0.046857724534130236 0.08188885407581875
0 48 0.06983674274059376 -0.003181078268890174 0.014041286610119776 -0.07031727992920345 0.014700880992787504 0.05025798902640522 -0.023175872012716436 -0.038267043988345496 0.07275642649171107 0.011181318760953506
0 49 0.082172977557756 0.05620979243413083 -0.09103489610710624 -0.022227639314942066 0.05992314132110594 0.04274398596938338 0.03827655029552716 -0.035881781243613395 -0.09585266197667056 -0.03213047750874556
0 50 -0.039138166596921174 -0.08279844756204939 0.04844413056698036 -0.086444371082948 -9.745255428816136E-4 0.04555987150754977 -0.011359808482876968 -0.04740323124177519 0.06597780289635828 -9.266389368575434E-5
0 51 0.03798946955926509 -0.05465403478516792 0.003967976402853999 -0.09514675064011006 0.09309680414550515 0.07969795030752821 -0.05928004376768837 0.09540717325501473 0.09369414432683157 -0.037592953918208376
0 52 -0.0789506105270165 -0.00962748233705333 0.01033203419005089 0.04219015352619822 0.07883468353285279 -0.06156186962037534 -0.0747539775716819 0.06493111865095037 -0.04924806675027216 0.03858617185695836
0 53 -0.08011074260814928 0.04202796156222423 -0.0624306825703788 0.07051749057338776 -0.0659970800540041 0.050412649893765336 -0.02036044450509926 0.04944683739594898 -0.05203757087519864 0.038916855060273786
0 54 0.07336027438950123 -3.8546821907292384E-4 0.02106052222816837 -0.057867475283728244 0.047438780158183105 0.05198615730196585 -0.05564988791244261 0.07767786925126793 0.041482402893462625 -0.03685575651539974
0 55 -3.761011498798399E-4 0.02499855735427301 0.09415117004833119 0.07171944014503746 -0.056063418727606784 -0.09357277970763946 -0.0747559496701491 -0.02916621065205055 0.012157858282227138 -0.00622701017704402
0 56 -0.022385231823533205 0.01471579725872448 0.08860715856820639 0.014251083218008026 -0.0432258943121153 -0.0056650361652270205 0.089608034958266 -0.020939795511093474 0.077250941023134 0.0914264916938136
0 57 -0.06815075836458814 -0.0071406676116861955 -0.06240016646537184 0.07905097435057104 -0.06253790036401281 0.01846693492743179 -0.05682232854664208 0.0921125499142229 0.09381479186743392 -0.046094062042245025
0 58 0.027978802898725404 0.09638055769710267 -0.006599661384375875 -0.09612905064419319 0.08109025553867404 -0.03143814152086413 0.09478117304975892 -0.09614442975751927 -0.07888635836579576 0.013890110401842104
0 59 -0.07835227193443263 0.03164429803453422 0.09956214528770245 -0.004809307274632224 0.08790796999590107 0.04018478470220997 -0.09055402502141377 -0.0017580742445985217 0.06934292481713462 -0.016280788949021224
0 60 -0.0019663625961525177 0.02405569792832118 -0.042833343785071996 0.09639538369841591 0.025411969557389044 -0.008832527836371546 -0.0374151421475466 2.54711564136295E-5 0.021522582870080405 -0.025002234890821172
0 61 0.07529066736040728 2.528239673408282E-4 -0.092548174473207 0.04244942041667874 0.09845489639943449 -0.08514142126076972 -0.04522119089301151 0.0645284028772637 -0.014330407176032347 0.04995242058573552
0 62 0.09347220551737734 0.043387036372756524 -0.08676890646851076 -0.029410303918666166 0.07056893631092716 -0.04969818792731689 0.014154955542408532 -0.039070521347373835 -0.05595648496647588 0.06104374333303453
0 63 0.017288186484266777 -0.04540865692177848 -0.07325951174345459 -0.06651052317487488 0.0062596118528852615 -0.025274929370373032 0.0828951459643663 -0.05893591288681441 0.007836680035047602 -0.0071436146855699155
0 64 -0.07519971208215782 -8.914138841138492E-4 -0.012599766638634463 0.008961262445935172 -0.06812912150012952 0.0055502093397715386 0.04461735429245962 -3.552122679930423E-4 0.027387460530364414 -0.06946625646208375
0 65 -0.0654688327644779 -0.020579129491986797 -0.056209236679634046 -0.030690968275320727 -0.09916062673570857 0.0778480617733466 -0.04704253751747344 -0.002708447235404862 0.004809552401587858 -0.04052449046194018
0 66 -0.048034914530951066 -0.05233461874421708 0.029916371058792916 -0.006150665547814712 -0.0734857289491805 0.04804675154117873 0.04864189221220436 -4.0942973390487974E-4 -0.07932427913211146 -0.004118867100299677
0 67 -0.02670119351863184 -0.014844947174847023 -0.032195160460811646 -0.08549646216025024 -0.05732595961036354 0.03953467369082961 0.02387322266379858 0.018519870978640586 -0.08119993214394787 0.0848926854103075
0 68 -0.021503397595870208 0.07340294810764116 0.03735556039860013 -0.015398625400143315 -0.09855303477509088 -0.04580370533144179 0.09172726357523656 -0.03728355229925329 0.061384492881160935 0.06687082644611216
0 69 0.05538760509196382 0.09206797178027447 -0.07200078699340116 0.013828104060726784 0.0354509276925736 -0.008335625907233869 0.06878572698364119 -0.07645812667061255 -0.05821023501752096 -0.055239536185070395
0 70 -0.0035492546256584746 0.0586865980818095 -0.06692798160886061 -0.02356681391147358 0.048458722397031875 0.05941837287700567 0.019248876365414433 -0.028605504245364788 0.06739792751043402 0.08118026601085711
0 71 0.021662679301942437 -0.0023344503780911964 -0.01728982691505346 -0.06319309371300408 0.057992298085752444 -0.08488614599473145 -0.02902200967727188 0.012196881637877308 -0.04619747150388861 -0.0669976418946216
0 72 -0.09063607166454711 0.05711133695870955 0.0011037311994022997 -0.0917195504831945 0.09415831339731329 -0.08099473223328943 0.0662113497792889 -0.022048971334010074 0.014285569769411205 -0.031632040386544394
0 73 -0.08416866337404874 0.013775053346055638 -0.03668581771680522 -0.03605926840593093 -0.07187730968665547 0.035563758059992547 -0.010474366567386078 -0.04439985549756032 0.01112043195378574 -0.07328513011068825
0 74 -0.07034267362206308 0.054070411233609825 0.09072996468196026 -0.048003990866120665 -0.06821505581850314 -0.04139211630284999 0.01983346551276891 -0.04964453668871522 -0.04121420081269738 0.027973442658441282
0 75 -0.06586317225979188 -0.06682534087746347 -0.0059779461404294906 -0.08778578822663578 0.023870157170588314 -0.04522200650017747 0.031761186703595644 -0.0395323970384576 -0.05596380146412135 -0.05053760871765474
0 76 0.08414142414489673 -0.08349857867650287 -0.024892115732277273 0.07938260887848662 -0.018573512863600216 -0.03172130430691253 0.04020041523136012 -0.06539054061015219 0.04166681458108386 -0.049742382079715694
0 77 0.01679568418503689 -0.058708243516356944 -0.02486144901550848 0.06723836195427306 0.08835782828122431 0.08125503703053588 -0.08191977945432584 -0.006144439901422017 -0.030376874724701058 -0.047475540354497824
0 78 -0.04837855527145161 0.015721150708241552 0.017383470211361718 -0.04455703209869346 0.04462143066276233 0.08344075626333276 -0.08416605411328507 -0.048803025092384315 -0.06707900196884026 -0.0019369538773356745
0 79 -0.06237304103085151 0.027849221345387275 0.026604506202446535 -0.036800865019354305 -0.04067209671200396 0.04843982089132291 -0.04819709522998465 0.03327103959897084 0.023573013838553557 0.06258439472880811
0 80 0.044122928825159134 -0.05061966728428533 0.08615227771952803 -0.09620772084833833 -0.014032386723854633 0.06657431059771109 -0.06693868657932718 -0.09347509409772917 0.04312747661341057 0.05927262500983898
0 81 -0.08697635624523635 -0.01820741215758797 -0.03936216549123209 -0.08681827356971596 -0.09542690643651615 0.0074046535384058865 0.012277136773498079 -0.01886940017772617 0.07655852182957197 -0.09701386612609937
0 82 0.08726215669569738 -0.013212424137360464 -0.014716279323291078 -0.04426948621272781 0.045677012027945 0.09702243544079202 -0.09107232848318755 0.04965427021810608 0.001792288105173275 0.0555760768139779
0 83 0.05753704626945499 -0.07142301201363423 -0.05625304864001059 -0.08560001189438002 0.055929674105321965 -0.09479760254072134 -0.018479145679866048 -0.07725850925460476 -0.048192697427574385 -0.08428218106659886
0 84 -0.04998736850133037 0.0367889174182037 -0.07875899458678023 -0.09690183503653625 -0.06433804282038783 -0.04573350826546816 0.015023640915176552 -0.0797551928810374 0.003902902166582693 0.07775767278923432
0 85 -0.012881842530174296 0.01444190240631522 0.0484252355754083 -0.07605059591940673 -0.08499900820579212 0.09106841982671492 0.003075279388604418 -0.06788695058012255 -0.0998489772569847 0.006391993791125643
0 86 -0.07960802623018808 -0.09635944594909766 -0.015693443619380867 0.0055977560518014335 -0.04209860318142199 -0.08213322249223776 0.08990196743553862 -0.059385567533414514 -0.04355850995494791 -0.0925680950096838
0 87 0.05531861561855087 0.08053278208963736 0.08725111728707764 -0.06187831542610246 -0.00909154367033331 0.04203612782623463 0.040644133504286445 -0.007003457644796256 0.027749589456765603 -0.04194551693245401
0 88 0.05352951325239125 -0.044415709771845974 -0.029231646637155995 -0.014171277596582217 0.0671468240035196 -0.0035164731235612996 0.08610265925146866 -0.036812667542582084 -0.051714837409188676 0.06431144076908601
0 89 -0.040964663463721636 -0.028315031117004907 0.07603675872392576 -0.024139069003529353 0.08698521765894913 -0.056807185693368456 -5.472595048569709E-4 -0.006560618214500819 0.052218864723492506 0.006538441124959525
0 90 0.06214927363226874 0.09214993886297637 -0.06721702137150648 0.07369783293340194 0.020471122742008817 0.03189503825261996 0.05242275064453952 0.09954186217891879 -0.09287801520394318 0.050206167694470026
0 91 0.061808127845732926 -0.0029238052559092567 -0.009360630810743318 -0.010075772539617365 -0.01547482089713496 -0.07931323900028851 -0.031340946330210714 0.09964580820846917 0.09547906020962538 -0.022846624079387475
0 92 -0.09112798636319006 0.06232051931709282 0.05506848170285977 0.023214718656118134 -0.07502760025426036 0.08498243217813238 0.08186972767849897 -0.017069805172845693 -0.0033946922141602767 -0.03384260199268393
0 93 0.09917898978753203 0.013811800184951166 0.027565842993959526 0.0771938791756566 0.03057655091542967 0.047406833732552736 -0.08624603759719185 -0.010644321092488376 0.018002498599669077 0.02918773842628868
0 94 -0.09863292481078893 -0.05892929468601537 0.09483283966644644 0.0945890220413203 -0.02388090216883827 -0.012292552994947914 -0.07265152295971326 -0.06065512320639431 0.039520528847969014 0.06665569315289238
0 95 4.624190185620044E-5 0.08817777955621205 -0.03774719575545646 -0.06110536656953417 -0.07498664585131046 -0.0279975858561856 0.07874341348319884 -0.035359596577627064 -0.05547616423846125 -0.05541836948352058
0 96 0.05292130191841673 0.06481692277743473 -0.09997917281709713 0.08464697262374293 0.0065306607146377125 0.044137411662499605 0.016509842872214086 -0.03312729090081146 0.09491009112387765 -0.08382129905803959
0 97 -0.06685587134609046 0.09896258503402532 0.0685252186670532 -0.0827467183223931 0.015534908340594771 0.0518783479943604 0.014398529588628367 0.009371453036593933 0.00196494081204326 -0.06212849970394468
0 98 0.08220810019677467 0.098895722642909 -0.07021457738240025 -0.017434136416846945 0.050977045912898054 0.08168100757763887 0.012358336384704129 0.0942069031270719 0.03386311565597337 -0.007713240143756783
0 99 -0.06855081136652284 -0.055784727717323075 -0.07615813513363459 -0.02076894304660848 -0.07984765247871749 0.04799734799727316 0.07491079933786808 -0.06670278309064281 0.008260090886524215 0.05040311504368892
0 100 -0.03712760252419161 -0.09065638203785449 0.02261063403820752 -0.019898876676952025 -0.0980189015215964 0.08970911166667866 0.09839257991019472 -0.03287275016561721 0.04078325685661883 0.039328630462140024
0 101 -0.0952472185844733 -0.09189077655583973 0.0950532115686844 -0.004811481225725145 -0.05664668070983017 0.01329173919706395 0.04235008047356293 0.08207460526094708 0.02282750836474246 -0.053287937855019785
0 102 0.023837570131458766 0.08624649244789463 0.060400250634347785 0.061849476190687334 -0.028198612940644213 -0.020812110124923545 -0.08975017760078158 -0.07611574090660989 -0.035557285808233315 -0.01553496697699984
0 103 -0.03480793093857327 -0.0777700169171149 0.007168129124129454 0.016935777846517234 0.02905960040338432 0.04297511802332864 0.0399477907609663 -0.05172705409824563 -0.08600368903597105 -0.0070203813141305315
0 104 -0.050011267798528596 0.06035726936386527 -0.08294819313109834 -0.051252656849770886 -0.010006677789642806 0.016024401848307872 -0.01278774446338085 0.09514277391369917 -0.04119833482338437 0.0021352208148245426
0 105 0.030133995893427426 0.042334977256053626 0.05327145631438781 0.020648357951090983 -0.054931499537006975 0.08647548308791024 -0.03277852044849348 -0.04360301693546093 6.206476339527411E-4 0.029886828124139644
0 106 -0.002096803741043857 0.09758222863752009 -0.06095954605830437 0.006232115751167674 0.014463964597779457 0.09864362415474467 -0.024286491173743624 0.026146050715626912 0.09830714230026015 0.005735807029350782
0 107 0.08474787988407156 0.0863595652976869 -0.040032561263778174 0.07397894339596581 -0.08290194102462949 -0.08905918365104011 0.07655087791735389 -0.024476595371469106 -0.04215682357319447 0.022000340524660027
0 108 0.07279306108681434 -0.03174242334538088 0.06163839806073304 -0.04061075009298774 0.07145291450396866 0.059489001847634525 0.0884954757296555 0.07013644604971252 -0.04279026758211228 -0.029126519013316154
0 109 0.022501572771062076 0.029339961963118416 -0.0011928866284149253 -0.021579247301379566 -0.09710421077384422 -0.02515766287397413 -0.026405451411265178 0.052822303938486116 0.04111863084605247 0.03572120727178763
0 110 0.003728836691592879 0.051378630411864336 0.0496086281457727 0.03458061251289097 -0.09022573606201517 0.09045645370125238 0.08329900137863894 0.04458649811147464 -0.030008421340131226 -0.002871971085273037
0 111 -0.07086132697581113 -0.04118540283540783 -0.06333991812292211 0.0042022217850424875 0.012101066378410092 -0.03290403454687396 0.017539504472864773 0.008674097130746494 -0.06422007714237124 0.060307191670800356
0 112 0.026945346592207754 0.004079944948265387 -0.04881743922799551 0.047735146775119884 -0.09899298754160356 0.08785926920154945 -0.03410302078267036 0.0323208643785859 0.03572579035552316 -0.03401180461159071
0 113 -0.03253283932837421 0.07272606536713459 0.02174074881351096 0.0721760090906945 -0.0011781698239750889 -0.008970563336914188 -0.011173334000875838 0.015153887522476758 -0.05019459598005653 0.005732860508978481
0 114 0.08100659525273265 0.05848394833277206 -0.04474304979485139 0.06034891400525806 -0.07047578993456348 -0.014888167969547117 -0.03063834375887708 0.09886807808815969 0.09176316037314368 -0.01616117379480183
0 115 0.02991254238795303 -0.015606370837007291 -0.08075494998857224 -0.031273180789695 0.025626770432349216 0.03260647988804408 0.054069340113788035 0.004674746036634523 0.003463042152856825 -0.07062958689123798
0 116 -0.05348196215320685 -0.013955551026326124 0.022436969516035885 -0.02362747182808993 0.08635996721018735 -0.08254999220124565 -0.06559139585076074 0.026998846575957795 -0.017896734372862814 0.061597350376039924
0 117 0.05846579258758869 0.09069624548605693 0.029888006490954598 0.01028192846045559 -0.05172406679058075 0.04692455653965469 -0.038068259914925164 -0.06437375717424301 0.03439901285326678 -0.026573934621647408
0 118 0.05117672858409394 0.08047338019950984 -0.08195799408526207 0.03549849452356622 0.0633923291425683 0.08399917200950788 0.04606881934391873 -0.05004556722631509 0.09390416922180857 0.027581929100207542
0 119 0.06173785190146037 -0.08740410280637752 -0.026675713737534527 0.08913793967689505 -0.0807969621163809 -0.0373286615933956 0.05792645410263726 0.09901172016484684 -0.04157431653800333 -0.05871272902024857
0 120 -0.028967899735775775 0.0881664959028337 -0.04891929194927525 -0.05602448579859287 -0.006741026173382048 0.0918597247516065 -0.06955268584307206 -0.050358550612744205 0.07676989805835131 -0.027256253794425762
0 121 -0.04636985440640495 0.05081740178472477 -0.030477437470023648 -0.08547123151481219 -0.09402034523765371 -0.01464923149965264 0.05899479651546999 -0.04633333127786195 0.06912011640862865 -0.05507138944931043
0 122 0.016985840029242114 -0.025167782202324438 5.380588060747226E-4 0.021134469544193644 -0.08071763220933839 0.010734393860120596 -0.024256278843759513 0.025911933490625615 0.006801235754233846 -0.037252592038879526
0 123 0.09116588164042459 -0.04311311863678123 -0.09061515916795503 0.060512411120661205 -0.009905609356792926 0.028869873937584965 0.03526071900416942 0.07938365233812694 0.03774607017483792 -0.050523366049432354
0 124 0.06886546371183809 -0.04525880194503326 -0.058442695002096284 0.01760066246601362 -0.08768547608130563 0.05870816779863938 -0.07049413373428055 0.022074633688404253 0.06294892147998854 -0.03737192928995074
0 125 0.06421304236720614 0.08654505781297919 0.019825124969629147 -0.06934961706098977 0.08183176530162233 -0.01180637699244233 0.08725894867539909 0.04084481017580723 -0.041750902556928426 0.09151391472250962
0 126 -0.021354980412766452 -0.032850296325736446 0.05571714643977625 -0.030562958435277624 -0.025252272856772614 0.03877253993617215 -0.08423895893942226 -0.06495749366281267 0.022990073073952504 0.0444252212531311
0 127 0.586400318647313 -0.2550183401309275 -1.3481698172010848 -1.5715553750451596 -1.3012374038097196 -0.7769631048319158 -0.15539955356901908 -2.0277773096593155 0.29491911531731535 -1.6386612329884063
0 128 -0.09335418879443286 0.06109191286266522 0.08033174416916694 0.08723727268185712 0.04931770822222678 -0.05080104779544327 -0.09694603725231714 -0.03615619666538971 -0.05703201295100948 0.033295009259934026
0 129 -0.020394679928453206 -0.0827410705601261 -0.08324853602203144 0.04444227386158589 0.06168673778035959 0.029136590878395624 -0.012338826220096003 0.030882649738809963 0.012499975589968338 -0.07515984555236738
0 130 0.11638265746671807 0.022268898948126243 -0.06850193773702412 0.010383691675701735 -0.04444760010185629 -0.11776516700185524 -0.05729219529309626 -0.011786792834016154 0.055874843139905706 -0.14247612507132507
0 131 0.08500962962523034 -0.022673219412795525 -0.02768830485725743 0.08137517271245834 0.0405372438525994 0.0489807147706272 -0.0795797509050116 -0.018966229560543 -0.05220069519979152 -0.06853049935008035
0 132 -0.05733932717840946 -0.040061783150958354 -0.04319099362731657 0.04143586630836371 0.01750801712850398 0.047249252528733646 0.06516886486392426 0.09722126109096559 0.05453390867050758 -0.023512098883188365
0 133 -0.01896141134717897 -0.01209925163213696 -0.05196132888363563 -0.07971750763922225 -0.10238711043729262 0.09280488719038127 -0.07666368151985596 0.0013763974136260127 0.07296719299845562 -0.053239437269023554
0 134 -0.019897352169415985 0.06622271224305679 0.017764702553227235 -0.09109114436029878 -0.0641086998568972 0.020708903711044238 -0.06046162545581093 -0.08177494094666464 0.014006883573009955 0.0471239751693901
0 135 0.8339126712485843 -0.07619030248799458 -0.9553323782985479 -1.0966895164958983 -0.8594780912576154 -0.406526312242769 -0.3050226566278688 -1.4471517089475838 0.3816783091792501 -1.0747028391808158
0 136 0.012443718822016796 -0.062477151478928135 0.012653897900645665 0.04117238621936818 0.0672914500366651 0.06768282115595027 0.02036471807244672 -0.08473309487791385 0.0918043941840318 0.09816468840785922 0.05078632315400741 -0.06918625270601557 -0.09185363297344482 -0.04121508175985865 0.048305276622505666 -0.00346958047241619 0.03807083865125097 -8.75590409708139E-4 -0.08913825669343899 -0.0753672653113538 -0.02175214182274745 0.07399788699432772 0.030573835426130375 0.07401210236585253 0.064616169361119 0.05150722723950845 0.01919183365402492 0.08871714899418132 -0.050793791138591234 -0.06326432455946454 -0.09152352062975384 0.06176717393979215 -0.05850372480467056 0.08853769566796195 0.030008782270223532 -0.009221890286411715 0.043580112681540606 -0.048341280657590004 -0.08212883119756981 -8.336054212621916E-4 0.06734442577507217 0.08074564001065149 -0.01123207339984176 -0.007863990339445036 -0.067278334027936 0.07576901342398039 0.023847947884186083 0.08587402015186885 0.04052924513103391 -0.012561687112397045 0.010170511344947057
1 0 0.06691649798700992 0.057470299132342334 0.07164409012485966 -0.038445047443412844 -0.04849067004172212 -0.06015144528045816 0.024669392210936936 0.08071486110640205 0.019334098763202336 0.09515765145348828
1 1 0.07883865942157049 -0.08124173923367388 0.03994032178613811 0.038044352388673215 -0.08922455044623534 0.0726866122629638 0.007214892927428354 0.08713482388124574 -0.09345304673490716 -0.011365313749535887
1 2 -0.011683476585265033 -0.026405889446154025 -0.06583992042812264 0.08386100113012127 0.08164643860049683 0.003134246269924894 -0.0840581463021362 0.06770247512675284 -0.007618001763865348 -0.03338059272823573
1 3 -0.07848993319473045 -0.04904330958759397 -0.06038245391553497 9.19550615844295E-4 0.04971377633751937 -0.060226976834032594 -0.05163093726182883 0.007220271674144324 -0.020601593456225177 -0.050573432535528956
1 4 -0.03748361556438411 -0.0642480114788616 -0.035947933593875395 -0.04473878609204965 0.03211864771291281 -0.094771352504227 0.03490063585838566 -0.07488615723476433 0.08090313386222019 -0.020517212378054275
1 5 0.09928699596912698 0.09513584044927267 -0.041211307947430206 0.07268147026277114 0.024084646676438656 -2.147611878032807E-5 -0.03227428995604436 -0.05574088943562432 -0.06604233929085505 -0.07170264574036236
1 6 -0.04510721046366495 0.031761021588615455 3.044072674496197E-4 -0.07578913669993934 0.048566722271750046 -0.06934298760932835 -0.055949887974782536 0.009583587424096972 -0.08806335346916763 -0.019205306740304077
1 7 0.006933047905207436 -0.08276330643152476 -0.049995741822612835 -0.03648054252806015 0.06648417068426218 -0.07614914844191535 -0.05658105492041952 -0.06905470070931966 -0.07060302283053016 0.08133069052279943
1 8 0.06349392328709112 -0.07034292506813218 0.038479765342145755 -0.07094242604255185 -0.055844641763323766 0.07574514431641916 0.06685002191921602 -0.08746647010396393 -0.07648082630301649 -0.002039726781746513
1 9 -0.04878798821987193 -0.06735191069304906 0.07560286274002614 0.09106579486247168 -0.007461395428055655 -0.036026076413274793 -0.04007544290365248 -0.02076686317651694 -6.812966574350898E-4 -0.019453374504612587
2 0 -0.04694915883176345 -0.0493347251125457 0.08283711907463348 -0.018476519579221775 0.08648201276837959 0.041653020836938205 0.0076950975628888455 0.08313207631065109 -0.017495769051682212 -0.05106756066763152
2 1 0.017479241618456823 0.005894722356135663 -0.04973518844107336 -0.09396719350161942 0.09159445480155111 -0.025262941111072287 -0.0965271252809541 -0.06015638716679839 0.021896737866087396 -0.09392081209035202
2 2 0.00454863895076961 0.04728156382993796 0.040202872451364224 0.019623775597950734 0.047175053572897675 -0.0946468173872485 -0.04899516840073536 0.03072261657472977 -0.06242016168022524 0.01805528245523628
2 3 0.09574629526861406 -0.053634699706291235 0.02777854977989935 0.016045921225648584 0.0883451312221295 -0.014595716361914764 0.08977274393942987 -0.024471484746550722 0.06953439114179899 0.0944703294707524
2 4 -0.008932701540557973 0.04766455666267443 -0.05641132452732043 0.07209553961890985 -0.037133751438342626 -0.08160862903847683 -0.0034428479031435965 -0.08856392370956717 -0.01870516008573065 0.07644454716874782
2 5 -0.0658267782331491 -0.053612590122656185 0.09437907387510328 -0.05527084013512852 -0.024288407600660394 -0.09323788927723013 0.0924928906119018 -0.01884376107021622 0.08226325371426187 -0.007086575552111063
2 6 -0.010981696178597317 -0.016220301627209836 0.06124533478017936 -0.06432556998133877 -0.029980976061396887 -0.05578983139595028 0.0016744706215313832 -0.01667604069362679 0.04604624596245778 -0.06307793648803864
2 7 -0.022649706079672753 -0.04873931349792897 -0.08548649990497743 0.06647222054889798 0.006578179095076045 -0.017586186618360738 -0.03738352747951968 -0.006069428040746369 0.05237106910621318 0.05540976700763017
2 8 0.044411102091365666 -0.01642586089177798 0.08406378704859371 0.02304207063845903 -0.004186458551299541 0.029353621032072598 -0.011637883744484084 -0.0040120138480891415 0.0621051610087267 0.0798036761812463
2 9 0.014161817292891178 0.025451583796726872 0.02282967256254685 -0.0744813234868592 0.05726039123804416 0.074660086223642 -0.06747555849022 -8.780994704055747E-4 0.06160456982207831 -0.05724554390599424
3 0 -0.03996828318942368 -0.01248471869105366 -0.011443156124127097 0.008074144155482976 -0.05819138418155878 0.024926237051774165 0.029119062143457507 0.023376375003685886 0.01272212485437786 0.0973636990612681
3 1 -0.04435158796585202 0.02943871837547474 -0.03934418460519797 0.053627837724200184 0.05560353997250302 -0.04150270524451944 -0.09017860988098679 0.018346594950016944 0.014901454357082103 -0.09514816631285757
3 2 -0.08267732162732733 -0.004885341581407333 -0.06721888037685864 -0.0512598614595431 0.07578019223201651 -0.09362539647873187 -0.04061261014025464 -0.0862130824892443 0.008211873834404656 -0.08232457783637469
3 3 0.014816595894917517 0.07884350658934335 -0.03495103038597884 0.07305434273606971 -0.09197223911584997 -0.09698522667972037 0.015262737706052916 0.08444248288433928 0.055679839722886024 0.06848125286942666
3 4 -0.03749514558945724 -0.04254608231728967 0.032442146142053534 0.0932575409576864 0.014850599092908933 -0.008508201600511809 -0.06291720662732181 -0.016833114729087634 -0.04924562616103968 0.047488558558972466
3 5 -0.049333161766320875 0.03843329964672451 0.04043968554516307 0.029261527513960515 0.07064993353644297 0.07183936735228312 0.012285802812380816 -0.07810563416367236 -0.04656750461590467 -0.011520846578347097
3 6 -0.03871748614407925 0.05765070708789096 0.08831037936445425 -0.0822017546365333 0.07827788808678093 0.08391819778528221 -0.095000894183186 -0.06611942909325644 -0.06792183132048246 0.009419099148837607
3 7 -0.0420908401893128 0.009087695884217767 -0.08447898849956595 0.0102975536271088 0.06087890320959336 -0.0037035726291748407 -0.05505305020938737 0.038837541979029916 -0.02681805555026706 -0.03597485475677723
3 8 0.08661487672454246 -0.07443937591886117 -0.0581791295992011 -0.06051904553346762 -0.08933601870285365 0.017553396821425996 0.07649264447372117 0.03835754501392347 0.08827384428356974 -0.023318984452859303
3 9 -0.09560666145420121 0.03160720888606988 -0.05366320112833047 -0.06372920530600938 0.08669815619366004 0.09941657371040775 0.03126188889505395 -0.0414629290072971 0.013945238666356672 0.08099064321371102
4 0 -0.02120140812456414 -0.05134611373210631 -0.046935646196016374 0.08307127938169101 0.036295072080134654 -7.570676435021984E-4 -0.034322219862709974 -0.011639487597130448 -0.06879178144545693 0.055074351866441884
4 1 -0.06636370039482847 6.59476576205479E-4 -0.00849773813720495 -0.07017627932811067 -0.06326013535773939 0.0942304469650092 0.08440908012070021 0.010445672116222143 -8.147902506957834E-4 -0.032745661030936714
4 2 0.04718830985323649 -0.027768473029560935 0.025162852778197076 -0.07849940973089788 -0.07040520249561061 -0.09463591423531699 -0.01462373482958097 0.09204168755444754 0.02448011592934651 0.042779312194468976
4 3 -0.017881688597872366 -0.03579889938685361 -0.06974494989645082 -0.0579032129503964 -0.03519031014377347 -0.03933316713428337 0.02190945056079554 -0.020118635375165908 -0.012122850939107093 -0.0071072541354868755
4 4 0.06679752476623707 -0.06060762052845623 -0.08361762812518617 -0.08807728078838828 -0.03983221672205355 0.02498975101595277 -0.0404248356411657 0.05485392363535432 0.04007599548560643 -0.09610902235698894
4 5 -0.08966385982066784 0.05947976371442862 0.018873422090510506 -0.03028715407907501 0.04634330697423576 0.042727742654699634 0.06853608304491954 -0.004438650209566653 -0.02411362885378512 -0.07425741525913564
4 6 -0.037898059202538775 0.05413681659933432 -0.08953430763184955 -0.09216426918976596 -0.018581529982615946 -0.007005804978584676 0.006818992008994531 -0.09224001464121719 -0.07799840926383357 -0.08039392281827797
4 7 0.027575311587573873 -0.08929381786473292 0.0636788383774497 -0.017157853199592805 0.07361808959164536 -0.036440955306153884 -0.06693401329355744 -0.07948153553585627 -0.020036608254801223 -0.041293231344104835
4 8 0.013467719967322166 -0.0069622560601028515 -0.010302420650809026 0.0626511401223256 -0.043468848105015584 0.07223734791279154 0.02565968028984134 0.005900535011741374 0.05442134674878489 0.035092013770981305
4 9 0.08690468025078513 -0.06102035455441576 0.006071142239025208 -0.004381356667775778 0.08827107905667927 -0.04292450691835386 -0.028962879501644043 0.06593227801433998 0.05040785638359362 -9.823032573033613E-4
5 0 0.035421773494772296
5 1 0.024113936597587274
5 2 0.03212584284165365
5 3 0.06160965345096442
5 4 -0.004944592605619567
5 5 0.03507408644412372
5 6 -0.0592044834891275
5 7 -0.055748555679987336
5 8 0.005134270535715334
5 9 0.08043371398686204
