## RankNet
## Epochs = 100
## No. of features = 136
## No. of hidden layers = 2
## Layer 1: 10 neurons
## Layer 2: 10 neurons
1 2 3 4 5 6 7 8 9 10 11 12 13 14 15 16 17 18 19 20 21 22 23 24 25 26 27 28 29 30 31 32 33 34 35 36 37 38 39 40 41 42 43 44 45 46 47 48 49 50 51 52 53 54 55 56 57 58 59 60 61 62 63 64 65 66 67 68 69 70 71 72 73 74 75 76 77 78 79 80 81 82 83 84 85 86 87 88 89 90 91 92 93 94 95 96 97 98 99 100 101 102 103 104 105 106 107 108 109 110 111 112 113 114 115 116 117 118 119 120 121 122 123 124 125 126 127 128 129 130 131 132 133 134 135 136
2
10
10
0 0 -65.11106691217175 7.254695945901645 -76.79226942835906 -50.931983179587355 2.3137753393964333 -82.38985534296499 -145.41091145678845 61.40225589994922 2.9530711665244973 -9.116942568247245
0 1 -68.60791139762881 7.74568870064826 -81.18153793982718 -53.927732170491176 3.830872518692119 -87.16235800049937 -153.13434575190365 64.63596392849041 3.7854062076605253 -9.883606353473938
0 2 -189.96477387661108 21.46162024386473 -224.0289654577612 -148.43811183682308 4.197040549588812 -240.35390649940916 -423.85875166578774 179.6363331443234 6.9071804817361135 -26.71641297869416
0 3 -112.13638887786135 12.294567269668448 -132.734964263126 -87.74506343852097 3.5593639113488713 -142.16691410519402 -250.8150387358818 106.24729190402549 5.59797090523985 -15.757668766734847
0 4 -68.68042019131344 7.609773660322203 -81.15669030101772 -53.71815739700565 2.941270989878594 -87.05979127402456 -153.65289340636838 64.98976013923686 3.339293079868652 -9.756968245291144
0 5 -28.520770971293786 3.0961070017573102 -33.59058428350146 -22.337954105141304 1.28601042417766 -36.00579618518915 -63.60770839895163 26.812756794786754 1.5851996043219867 -3.980244162392952
0 6 -32.67577995436107 3.638267693887629 -38.65923293376966 -25.7716509515322 2.4194029985256953 -41.35326549948955 -72.72205106327446 30.672326335105662 2.261394704855944 -4.823735199109572
0 7 -84.69505428793508 9.60299858969769 -99.94588861687244 -66.18795742696169 1.9352421771794117 -107.20783546271683 -189.1581592206034 80.16204551173553 3.2965767284361065 -11.87798514802974
0 8 -59.55487893469025 6.5421336762470705 -70.43960919445668 -46.609607666172906 2.598596190072638 -75.4213065281342 -133.02188932835057 56.25207975114787 3.3892846070859637 -8.439221990411323
0 9 -31.241998663136243 3.299014784963872 -36.98845019983794 -24.471100064932305 1.9881276847992766 -39.57902519066114 -69.71027498501289 29.371125259577536 2.0589180375497835 -4.339393101442955
0 10 41813.58893341167 -5001.1504556061955 49146.06027550555 32536.91945542907 1837.575006516739 52798.63477969508 93599.6062137784 -40189.1669222114 216.7993356411822 5688.754251628535
0 11 -50.895545399375116 9.45312025835355 -61.05165038326188 -38.366800794462826 -32.61202176362013 -66.8111646347146 -126.23847828169926 57.19687760707526 -11.094130776253083 -5.434027802844891
0 12 309.8743346414732 -32.67855857556242 367.0194230060327 239.17248286111135 -29.673354082583227 388.61730752922665 693.6364521593987 -373.9448515603875 -50.64941465344692 43.27282302353874
0 13 -111.38376228989651 10.677047406784492 -132.21565735721222 -86.95800808122364 12.69759111920101 -140.51159036637176 -248.676257835144 105.70708597330216 13.555679916254567 -15.939456742442077
0 14 41961.272892002504 -5013.643979258827 49319.96322271813 32650.765337664754 1787.9007518230037 52979.842727982366 93918.44111905397 -40400.03209521249 168.64201536965663 5710.565729399681
0 15 -0.7599055837409345 0.18976298632972255 -0.6752470109160519 -0.46851900633773935 2.717618555609598 -0.9615975531650534 -1.9808497509170842 1.3385756159056275 1.0883678443007294 0.0066101504420212715
0 16 -1.055077628860541 0.31721738650513104 -1.121029943485464 -0.8229434382799079 5.437190911212599 -1.2214143004535554 -2.9751651539629878 1.6830119109557289 2.0718151774172884 -0.07168678962534537
0 17 -0.9970904201411868 0.32417866327339 -1.0169950274031951 -0.63188599682343 5.118126089454577 -1.1341573069817406 -2.9569112042769587 1.7063047704144503 2.1475395277162495 -0.008776214460582007
0 18 -1.0704633356283892 0.26164469043855343 -0.9833273335549056 -0.8280940172202091 5.552137915149186 -1.257769012382878 -3.0693800504823456 1.6914796073123672 2.2793409173538914 -0.10582794423602651
0 19 -0.8424722209048848 0.13620856482847962 -0.8310536553598706 -0.4728508307774005 2.6559433388582803 -0.8216691397666436 -1.8889465262969012 1.2458333654965499 1.054925184197064 -0.06279359484944252
0 20 -2973.6369872468676 326.96172730300134 -3509.325534226081 -2326.5968875187905 107.29345540209864 -3763.033265861822 -6635.033175349385 2727.3161039550223 144.0749567473888 -421.7917090395234
0 21 -129.25339901723814 14.469416943575387 -153.8183951848621 -101.44238127885002 6.382275765037167 -164.84602378377485 -290.5596822928458 123.44029094474703 8.558551651841638 -18.42662909874177
0 22 -239.80367162724588 29.090257383870085 -282.83078815818124 -188.37106980783503 2.4293588763758556 -304.0881760981421 -535.2646306838054 217.4214304039759 3.8705818953927196 -34.27537503804389
0 23 -122.36892706229682 13.283799204295464 -144.80520810767732 -95.71749075130064 4.208676892713278 -155.0136199842735 -273.73643339586783 115.81039584043363 6.720419193513723 -17.192642142471637
0 24 -3464.798084740492 383.6603167843619 -4091.0482819011986 -2712.114164351377 120.51850795597868 -4386.953870327256 -7734.448606518959 3184.012854349016 163.16381641592628 -491.7308118025841
0 25 -1436.8509631703496 160.4595870879392 -1694.7827351670994 -1125.3854559144406 39.98906800622613 -1820.1683634216133 -3203.259723134589 1345.8465066369433 52.88934901895798 -202.5832804854183
0 26 -51.0183126472277 6.0254050355726445 -60.699398484202355 -40.25592663892423 3.1707789828661848 -65.14339182244892 -114.66665245015727 48.68103791028602 3.4495734394518354 -7.467374501606388
0 27 -111.89253380912938 12.24047957267349 -132.31097459606136 -87.76906014724756 4.772727232361559 -141.78638383600543 -249.40432614565972 104.84526920744307 5.806364161931607 -15.95316404756388
0 28 -55.071237793320684 5.95182388315741 -65.07528703421028 -43.06636922156909 2.9411817326059926 -69.50887751427015 -122.69826863338515 52.10797538711151 3.4430573841110044 -7.95308564103258
0 29 -1668.536465625164 186.12329863489478 -1969.2514198912543 -1307.2132233718123 51.566176566173006 -2114.154197988998 -3720.8353667358515 1564.6949560166313 66.64095321099714 -235.94355464839805
0 30 -1532.8583007291147 162.60990457809925 -1810.4021159045783 -1198.6943363157482 75.84925569807842 -1939.1996895575674 -3418.0758693532553 1379.9257237917202 90.37444474242504 -217.87466274033548
0 31 -75.89863157401473 8.586802191249186 -90.73913315531726 -59.710399228815945 4.740216171223026 -96.98895809585851 -170.91066842974246 72.70532823507652 5.902759849152811 -11.105074615256312
0 32 -99.54685552599058 12.841140260752114 -117.37882095743015 -78.32406945487124 -2.293110778251599 -126.36975756341275 -222.512292653144 86.65252366839883 -1.0190432467663626 -14.313832028460302
0 33 -76.05928602963729 8.138391777120257 -90.04646754458916 -59.41189710961284 2.9434539445980468 -96.35975814539748 -170.12703738681185 71.76563009578251 4.545426758929537 -10.583634568974748
0 34 -1770.3264019243036 190.4522167563766 -2092.1603590253353 -1385.2326901774154 80.75632402257806 -2241.2705887422057 -3950.5102091026033 1597.9631083395739 98.79354945125718 -252.02296872819684
0 35 -1527.3904767776628 166.42028586107304 -1802.9861276059887 -1195.354339101806 59.58790016109596 -1933.6380450418153 -3405.6164194262833 1410.1632140394177 74.8303872302468 -216.18623702694143
0 36 -63.73157866930459 7.351689580008246 -75.88151623838024 -50.2073537333104 3.8770977724790265 -81.20536782116585 -143.04653243455883 60.81777003528167 4.605951167236737 -9.160080303703143
0 37 -112.65738531327176 13.188959420827626 -132.95829431688185 -88.37907547493792 2.418721868010572 -142.6349543615388 -251.2187700349486 103.88168738466936 3.253328821868652 -16.06518856872331
0 38 -65.59547627502867 7.108872240844817 -77.58595422609422 -51.22362735955054 2.8796201455408963 -83.13491695672401 -146.53889971624213 62.158844089247204 3.947156261871564 -9.34978834139777
0 39 -1769.1029920859705 194.04025374871281 -2089.4447425550966 -1385.16199411169 68.70375518591037 -2240.6637959964505 -3946.464361345989 1636.7536470672335 86.71971498869223 -250.94246641758724
0 40 13615.31900754076 -1518.655147809968 16354.421710738663 10827.1792580543 -4974.731500001187 17270.312638884185 29939.555137722473 -18382.224546641886 -4085.9691456878013 2163.807758475272
0 41 -28.9744865633797 2.181483382657456 -37.215549618070035 -23.45912773084993 1.748410434690434 -39.366756392077264 -69.6331167962257 30.029328417902565 6.737966825508473 -4.378072761406612
0 42 811.0442454249002 -3.2223173400583858 968.6338373981145 619.238099857382 -456.4376913734209 991.5072478092336 1736.648870246143 -1100.1460803702103 -428.9324102518576 120.48586927476828
0 43 -5.42847184577645 0.6025717889103369 -6.546162292498274 -4.297151854376792 0.09897766205888055 -6.991438285433861 -12.59231736892645 5.2867246448108265 0.2597212065122568 -0.7886753646651977
0 44 16406.231535330033 -1551.0045557571236 19683.26660038242 12966.2677910089 -6550.143983586095 20688.691827517912 35924.21182748336 -22188.530866367993 -5531.915530296035 2582.426357824482
0 45 -6.086092747475614 0.6743040249843496 -7.362373128725649 -4.75450412453909 0.1763325639140727 -7.767457741492261 -13.85871260512703 5.729512122653844 0.3695951021237196 -0.8245756368626729
0 46 -22.410086495645547 2.4134188789860547 -26.70121266606818 -17.67927410111324 1.5900327554394638 -28.67686655819053 -50.14313535836627 21.102052876688678 1.417219959476047 -3.3483224753476657
0 47 -40.98034333730223 4.7206577444479745 -48.35290020414673 -31.94944675541378 1.1377857990439406 -51.83342963706055 -91.40038339822448 38.73080915574932 1.610793511549399 -5.864911159311823
0 48 -14.75025889329238 1.6533588558722678 -17.506366195214085 -11.487059383161299 0.4954563559675353 -18.653702681653407 -32.907209286236416 13.946261602490283 0.7249955132228375 -2.1368186151654562
0 49 -8.10707554825666 0.9701059482136365 -9.536807959523335 -6.31694264665142 0.19853648785717765 -10.073940939931726 -17.94627825292841 7.599528073850864 0.24047758360384483 -1.2006876380833333
0 50 -2.4545433718830307 0.24459145614787683 -2.8279597615882657 -1.8900688676712123 0.20037346135055742 -2.984563729636773 -5.335274205453063 2.299847679246343 0.12816487587368577 -0.2588303246304798
0 51 -9.907746186155418 1.1378642643053343 -11.917501787848462 -7.757380667890886 0.9793829182851218 -12.704150476192744 -22.241624777609715 9.322033822155843 0.7569273111022632 -1.4774939186487304
0 52 -19.04838564676166 2.176445088127996 -22.382898643062845 -14.791239184109628 0.5907049317192712 -24.135039979204045 -42.434360492062254 17.957867614339598 0.8072981107956977 -2.634377033410575
0 53 -7.790052706647498 0.7648449904091236 -9.150508027294292 -6.045955924806947 0.5073805968722075 -9.667144398747434 -17.161606120330493 7.296572981518334 0.531274425857032 -1.0211080491226951
0 54 -3.6330260362446545 0.3659984429159628 -4.2455020532225065 -2.8571464683408427 0.22795023105136686 -4.610259113583619 -8.130271166776328 3.5159018982140924 0.1732166617535161 -0.5048994842943269
0 55 -3.075693388476553 0.26257770367200955 -3.619238085245731 -2.4441193723257175 0.18736436975560422 -3.846013605609066 -6.843827947054824 2.9643312793715015 0.16758556996435195 -0.5249692500465796
0 56 -14.30526653868787 1.619966463578514 -17.05293589533436 -11.388012494672147 1.1095396912663475 -18.237697867686542 -32.14565947228695 13.443727724228872 1.0661112184591348 -2.179598716150194
0 57 -18.737237522581193 2.2060959717390833 -22.189494352529792 -14.702584539433857 0.667200451783938 -23.75426208993391 -41.81696480382475 17.72077394619151 0.9854677759973064 -2.5978048215858074
0 58 -9.768070920964643 1.0130349991773149 -11.680440896874257 -7.636670876033714 0.4690807539011287 -12.503101470806495 -22.089660486175923 9.24554645715768 0.5259068089062615 -1.4842472440268837
0 59 -4.420805332064796 0.5617613635691944 -5.321896451391023 -3.492030155146647 0.18869478854312285 -5.662124892143923 -10.056380618122562 4.3119044898196615 0.29349439055994353 -0.6515163006135514
0 60 -2.786666817622835 0.2269130517683562 -3.3309975978038655 -2.1253907678932493 0.19112170525313574 -3.423596904335173 -6.116850604040513 2.5657918568826825 0.15750329940098542 -0.4531962288225292
0 61 -12.075852657144068 1.2562666642327236 -14.41812048972582 -9.569076139875209 1.1172699395030266 -15.480330153936292 -27.076797897831167 11.487717784024074 1.0070914055162299 -1.7494327368023341
0 62 -19.394816691991497 2.1566519997057605 -23.076530476772742 -15.327527625685082 0.48934074034479264 -24.59469072975665 -43.483722542634695 18.40622683677126 0.9187660684044799 -2.8053282492895453
0 63 -8.840531031136088 0.9603728468869706 -10.447503285752965 -6.813735424701656 0.4197355295162195 -11.186483840428517 -19.68099420954247 8.299465655125369 0.5718114740403676 -1.2330991590137088
0 64 -4.216121895226173 0.5338028682657912 -4.952860775301993 -3.2902418493546275 0.20829941120064271 -5.1895279286513505 -9.182095825433521 3.9186643576160427 0.21041017842468226 -0.6581812261225599
0 65 0.04782273648250721 0.09844067846146741 0.04770248268332892 -0.07758930227407575 0.036988612905131495 -0.08552762661009117 0.004561836257046466 -0.03250727517619419 0.008877425602645822 -0.0752827685841395
0 66 -0.5963179794628465 0.08095370416697024 -0.7717964855208211 -0.5790419538463232 -0.013438661527544997 -0.8341836979678267 -1.42553449249863 0.5382930989660972 -0.030959814701316486 -0.11811218055335944
0 67 0.1223064839604519 0.07333314674764277 0.2661311800254579 0.23379915760032433 -0.07573823074330499 0.19406618901664244 0.3246295453804953 -0.15395631416523237 0.04992994385626338 -0.00450496236816373
0 68 -0.050094104310556616 -0.08015710273384524 -0.0633324389180711 -0.031015136004513257 -0.047630427785816075 -0.0918816838587054 -0.12563159973941143 0.02339119581570353 0.10185930474408322 -0.005940287785259473
0 69 0.031421744365254474 0.022800431296854336 -0.07773635630358125 0.08817799381146997 0.016604063427593567 0.007388917221307082 -0.05056777330026216 -0.08319887145471136 -0.09736636313815242 -0.008731721112126861
0 70 -11429.036822180124 1306.1648743474022 -13472.576885940485 -8941.18079777679 152.80111155785679 -14477.94323126701 -25538.41453247212 10621.096954595014 345.49325386719164 -1608.2090828497642
0 71 -1059.419048115171 119.7236225410659 -1260.8697483004719 -831.9686268156403 40.7950973176205 -1351.6750499588304 -2384.4290463495972 1012.8597673231031 59.54706491525632 -150.42723961773768
0 72 -1727.8272478938866 209.96405819915478 -2037.7468752494235 -1357.1096490605232 18.004814372768013 -2191.0943583190287 -3857.4289356355057 1584.28520970035 26.75135580454178 -246.77915221933364
0 73 -1046.027818121939 115.85797891987019 -1237.4596750691478 -817.8496019768705 28.10385108087377 -1325.4278232603483 -2340.1236262121934 991.8941396818914 48.97801314664188 -147.15264198978934
0 74 -13231.92972835425 1519.5762552626054 -15603.965635068234 -10355.428712078736 181.8349848689886 -16767.87078302694 -29575.075935010038 12318.923611949544 394.5888952235622 -1863.7484551117777
0 75 -5055.350251189041 585.7809269210242 -5968.921730493706 -3964.0569558074294 76.98131659634173 -6420.171981548956 -11298.754288091037 4764.86306928239 130.03936583798532 -712.3802229638881
0 76 -423.69061598938254 49.97334135631228 -504.6765691381631 -334.0267372199789 21.78258295025869 -541.4842272319255 -952.9923615309533 405.4981608740942 24.487054149939773 -61.461373427029905
0 77 -753.525259865183 82.17979333754528 -890.7850651887555 -590.6604857940243 34.93278069615407 -954.0509553506747 -1678.8802385086674 707.2393337660635 42.72654717491044 -108.05073013364458
0 78 -468.91948041030787 51.632967535955395 -555.1269639903828 -367.3140713863111 23.325787478833412 -593.8478640861973 -1047.5533176606414 445.41289334170534 27.2562544366912 -67.15577039847567
0 79 -5859.09787923095 674.4917719341285 -6921.2697811928765 -4594.58019874084 120.84890042351353 -7440.1564532190305 -13094.966608065362 5525.778212880604 178.85184995029232 -827.5733632072386
0 80 -7313.527225316651 824.8985112811409 -8617.022072038515 -5717.06220614863 88.33122693143675 -9261.03009931051 -16336.365920363127 6733.016942605725 214.3716325636974 -1026.4179898771395
0 81 -672.4339899674068 76.82190733328815 -801.321544675609 -529.0846999645422 30.18631211906651 -858.6646919239187 -1513.6777673629153 643.5949642249575 41.84723210783875 -96.53909778362305
0 82 -846.8262675978943 108.29766672971986 -997.5670388137755 -665.8499188464189 -17.22260881844976 -1074.687095623904 -1892.5801852296038 760.0917280064469 -8.374017627300937 -121.36850208132928
0 83 -715.5781848323028 79.00101178741012 -846.7225184275165 -559.6717080495799 19.546485331428276 -907.0271987402915 -1601.466400578955 677.8784393908533 33.420153916976055 -100.56734966475418
0 84 -8422.701116025499 958.8557120085806 -9929.00420018051 -6587.983794082805 95.06763124939428 -10671.219384484473 -18822.495534317582 7775.955047218884 236.43129171397382 -1184.0064720656048
0 85 -6269.636806737068 716.9579512266727 -7396.9628875121025 -4909.042087279143 93.06981632222063 -7951.441976945708 -14010.56216421583 5859.889761113497 188.17565908345887 -882.3692327622996
0 86 -546.3896339316457 63.22721476085182 -651.0620127672154 -430.32289683905884 26.554025082623006 -698.0351297530424 -1229.7125954421374 522.7430102192741 32.58614916194123 -78.68214481192496
0 87 -838.7018476808369 98.41610377715263 -989.5298157725409 -658.0190033436348 16.258746138249634 -1062.470230153653 -1870.5220387663383 780.8644149166425 22.99512233610443 -119.94954350762194
0 88 -586.8668043656941 64.697942932988 -694.563869464802 -459.13365311303465 21.585206569410325 -743.5817739924297 -1312.3127195633922 556.6164643467811 30.296034940120673 -83.00628368778115
0 89 -7243.226829914272 829.4244556431039 -8549.62779744452 -5672.844853048908 122.14257370151272 -9188.115800483403 -16189.798871204086 6783.852228281417 226.6132658881803 -1021.1458606389874
0 90 118073.4536552089 -11146.831385445135 150149.164631589 98188.44477816037 -139970.50592496846 152715.64313709395 256453.56902103592 -208291.91329060224 -105855.70730292289 24391.60612876032
0 91 -944.5645548985717 61.36217850483632 -1224.6057441546313 -741.5225918893778 -325.9417832627279 -1303.354665791637 -2384.4330489412555 1059.3129326608957 119.64940164446833 -98.51903688563644
0 92 31403.802970977355 2446.660751579709 37972.76917832275 23507.863662777716 -20065.127265626932 38162.62461350082 67040.8517761171 -42067.24424372865 -21969.19466722243 4211.740803664746
0 93 -506.6207044440296 57.42349020466904 -601.4372485754308 -395.30815623347536 -26.096965684416215 -647.226585496275 -1147.0505540267716 480.02647194154423 1.7748506869751612 -66.71106524687441
0 94 117659.08409569907 -3541.430436630659 151123.45218325313 96806.02335001338 -159517.7899027222 150998.27604266405 253138.73605643222 -210339.11461927794 -128867.8763762422 23836.40499472169
0 95 -38.43542309077301 4.3061066809632615 -45.43902445664142 -30.22814317707194 1.1210230086263124 -48.77396130401158 -85.92956553491469 36.179660323451685 1.5765807947492645 -5.488800751497079
0 96 -27.95044736572916 3.196598854712901 -33.05044837826906 -21.976123764777014 2.115299512892333 -35.37803776465146 -62.077577159133 26.249980391949073 1.7593676467446058 -4.088183141693558
0 97 -90.15214484417461 10.213664353002734 -106.46519260641027 -70.6285326897495 1.9958240211925145 -114.27528710331991 -201.5558361591545 85.201496252073 3.0422069169411396 -12.760166749579408
0 98 -51.33312139381665 5.593499115684353 -60.799698095318526 -40.134119179480216 2.697842750858305 -64.98034440014239 -114.73946636173409 48.75754668054156 2.9976242121827434 -7.437583094426114
0 99 -39.8170487649221 4.247912608013117 -46.97257285757257 -31.191517327170935 1.7187933700607614 -50.42705974648908 -88.76902471151092 37.476516134737466 1.7993559056079176 -5.52490084063042
0 100 -30.014748409727456 3.345473139777649 -35.37394024828442 -23.489149120447355 1.0082435745507001 -38.01130650510686 -66.92781570091283 28.39616035052336 1.5722761289672298 -4.353761763850189
0 101 -32.91125993945945 3.6324292477756477 -39.17912811188169 -26.039956677009958 2.370923331174382 -42.00755886428739 -73.69791948036483 31.084143880441093 2.2149550156747715 -4.929963779460104
0 102 -77.19789550718538 8.714849353934799 -91.13734030824959 -60.24870447215286 1.8418239951915172 -97.64055838057419 -172.36243307590294 73.12583710468355 2.9576159930132513 -10.753468548202717
0 103 -62.11579331931994 6.821481473415507 -73.34516200908519 -48.61614175192455 2.447498825766478 -78.51994172149163 -138.75284228467052 58.79315671494513 3.3178487842231554 -8.727718806779064
0 104 -34.35376721061447 3.6343647318621124 -40.38206533399401 -26.855263871721565 1.6792401219322142 -43.32727481892466 -76.452505874041 32.390944502705715 2.021863747711245 -4.899308663090203
0 105 -1450.3220284228792 162.65648093076058 -1712.3817085954365 -1134.3786837897007 39.628803600545766 -1836.8090070329736 -3240.0263271201 1377.027019585891 60.47655086659745 -204.19351248000942
0 106 -609.8716339889696 69.61537158891359 -722.1938261708666 -479.5966829269412 29.278004975159455 -774.9898874513405 -1362.0216269047655 574.9595215823765 29.592433472496527 -88.17339672882662
0 107 -1770.8297621181482 201.4119224216002 -2088.546419748638 -1385.1141553597129 40.95718866239212 -2240.2333035763404 -3952.3473853198166 1677.3420559465865 68.33681308601716 -249.73530725148544
0 108 -1012.8005179962507 112.50528414807313 -1197.5732581218738 -791.8887819620508 27.05203864402245 -1282.861843261017 -2264.4315835840953 959.5210123318653 46.434670112983426 -142.61522849857718
0 109 -1577.0078891795551 176.21711876736836 -1861.3492375065966 -1232.912813902646 44.65180013485931 -1996.735321851381 -3522.8151968204847 1496.2887077639184 65.64632818079996 -221.06085845524996
0 110 -785.2469596460745 88.04190442574127 -926.9528151108236 -614.3221861266572 16.310072907166315 -994.3377251726865 -1752.8744906189888 742.7062019934103 29.631526036672074 -110.62181213816973
0 111 -291.4332157230984 32.38635924205267 -344.95654127789396 -228.82875723302558 8.418246159612433 -370.2543438763153 -650.4365368525202 273.6117968958293 11.542395177119047 -41.6979155686962
0 112 -947.9975941338889 108.32466711117547 -1118.4743504348598 -741.9366554335471 14.147265511441057 -1200.3815636313286 -2116.739659040035 896.9678904264023 30.857003885204154 -133.46252595948835
0 113 -428.4414128590229 48.141641075652295 -506.1705175021698 -334.79814855599756 1.2872187034219302 -542.4931828314403 -957.1203263385291 405.7901700759406 14.279893880218257 -60.352148439328474
0 114 -850.449628181869 94.95919698326456 -1004.0124071713085 -665.097647185268 18.07600503651237 -1076.71775708717 -1898.853266608162 804.2588325906454 32.497744509088214 -119.54759703246427
0 115 -512.4084857498592 57.00680217970818 -605.41488428384 -401.12220797505466 12.551593492849472 -649.3140668466054 -1143.7335069061369 483.92404284614656 21.408507452515458 -72.56291307349235
0 116 -91.6114239667363 10.288080551156146 -108.55293158688943 -71.98406898562294 -2.778630594319931 -116.68708608083195 -204.73618280025815 85.9542433167506 0.5448746116149793 -12.903651263864694
0 117 -278.9469068801727 31.725181164291765 -329.30875473447225 -218.3777641789476 -0.8485993367840691 -353.59766813978564 -622.9561008465354 263.5762021460885 6.574823295579467 -39.2716865396056
0 118 -176.3927266721365 19.975426629418077 -208.2724929298272 -137.85852994938236 -5.679944545819697 -223.4584482985739 -393.6902883888519 166.71936226187213 2.2770848142989766 -24.728584130915852
0 119 -553.3081054591332 61.40555953467853 -653.8257010692181 -433.1063258888987 13.336514781733207 -700.9651542900892 -1235.0653088505555 522.6044149043115 23.134393237614756 -78.13016899610298
0 120 -752.2888885686195 84.45041163001946 -887.9721261950281 -588.4725141816991 13.5657655771997 -952.5435188338232 -1679.4858986768108 711.2250239266143 26.346991610032656 -105.79702197041023
0 121 -355.449021404371 39.801276434535374 -420.3455099363966 -279.00506111296556 10.443900026638747 -451.2498596885178 -793.0441835626632 333.6273043736774 13.916156042997448 -50.930604543522165
0 122 -1249.1856700708638 142.8960602330544 -1473.3860049119457 -977.5433273787594 17.916054159201785 -1581.8814054338875 -2789.2690193196145 1182.1379135283094 38.399258132060865 -175.7178140528786
0 123 -557.4162862474604 62.803108737181994 -658.3906706222275 -435.7944890598975 3.4787885648053667 -705.7140910050391 -1245.2938408513928 528.3123950134118 19.43929219903149 -78.50830458046164
0 124 -811.2622419801718 90.81615458874828 -957.5862737454887 -634.3097578793003 15.353975707093657 -1027.1934451646362 -1811.5454322793958 767.0778910075235 29.12566384500751 -113.73046198287666
0 125 -7.549792463091018 0.4203700398590082 -9.06619148648884 -5.964236892781469 0.39923580347414617 -9.535406035851526 -16.70771170414446 6.1460879617968205 1.5224129156840078 -1.1667158296110918
0 126 -717.751774875038 61.15085745358753 -854.0177647952239 -558.6112643247328 82.60351290294595 -906.7086848530564 -1601.7055796574991 678.5751389275476 96.74593142717417 -100.55549328258559
0 127 -4.091832096208844E7 2180139.8704711786 -4.865816015786385E7 -3.293052485442586E7 1.934816943288937E7 -5.1084656693352565E7 -8.714711055043226E7 1.954230461916859E7 1.3946315644723823E7 -8341907.672878922
0 128 -1026.2049526590172 115.38208377446264 -1218.7330834188197 -807.842306536212 56.45803867821197 -1307.3379372496365 -2299.6313971166255 974.0535127048198 55.879224402905905 -147.87954763615096
0 129 -794272.0761747783 106483.04773256919 -935562.5698317934 -627739.2892328673 488.06778702059455 -1007520.8061966863 -1768966.984263562 741876.9563546014 -5540.989230486566 -116926.10467364149
0 130 -1182348.7123571609 144058.35458550195 -1399242.693204021 -929907.8929293945 10826.671827113838 -1501797.8535390294 -2642966.067050306 1111003.8049363815 36591.16163304689 -172235.76275625022
0 131 1021.1534976854095 -104.56097009244242 1220.6669039483518 809.6787193826467 -135.1615765026432 1308.2709202242595 2286.2607726406573 -976.5317277615386 -103.45324763777688 152.91404728662872
0 132 2582.164925053178 -295.03301187536647 3059.9175584324075 2031.6857867633685 -113.21854832549 3276.679410875595 5754.022459537263 -2444.3201120715553 -144.78223666528956 383.22857401002915
0 133 -282901.36903902754 22256.928561633144 -337267.28919547936 -220918.5002322375 42762.71933279036 -359100.2722620747 -629102.8987767678 260635.26148254902 32428.933015941162 -37798.41004517988
0 134 -15204.947969966446 -2338.9083482046804 -10912.81795715617 -8966.744382348394 -21264.562462138194 -14296.924956304345 -22973.634875861688 1593.1770267517484 -26424.697290972123 1955.8204599284354
0 135 -2.706030375617595E7 4506290.466578854 -3.0682780055582486E7 -2.103679237431709E7 -5140295.796864855 -3.3434920523325853E7 -5.883223259752656E7 2.477473909628613E7 -2904268.104103689 -4030348.642398279
0 136 -0.009140424369081718 0.03285528334318489 0.048603014123188494 0.07042319070706039 0.09421486384679463 -0.06859354972991269 -0.20985358871676935 0.043139208701783595 0.11810861406690035 0.07211746164466325 0.0806660239919667 0.05284384719074993 -0.06173518506516483 -0.01763739233968584 0.08725500668445238 -0.01074005703753603 0.031069998244781682 0.16164027373236137 -0.002925218536208881 0.031918422755739535 0.48140963543816717
1 0 -0.3207006884763577 -0.33036410114403797 -0.023104384339384627 -0.4572819554586508 -0.39437471955785264 -0.2805878102172759 0.049494983924749485 -0.5554529756839225 0.013457905848173616 0.1691438769317964
1 1 -0.017551641044972466 -0.07713452923084471 -0.1466884455152803 0.005365627408487458 0.028744640668244576 0.004668452877138045 0.08686065494523494 -0.10699766298094589 -0.16020606039397967 -0.14417551895818392
1 2 -0.11812770269115595 -0.04651212652213512 -0.15486756715841166 -0.25789922523890746 -0.3155430720046757 -0.10003898115062894 0.05253756416562282 -0.5451017593522056 0.16054254759027417 0.0382491633133973
1 3 -0.2692901766442797 -0.08745967121579908 -0.05739410380013474 -0.26680356345223816 -0.22831084575072863 -0.1945428366513495 0.14193172519127867 -0.41930522345302984 0.024150965003824167 0.04220716707398549
1 4 -0.0026297900959605437 -0.12745510923344192 -0.10316928710641644 -0.08190104935648818 -0.07686503798059217 -0.06013062758796407 0.015394508772253106 -0.176968072545615 -0.08288383625413193 -0.18155787705635087
1 5 -0.19365814179083848 -0.02729742817408007 -0.008909536607387194 -0.3097722027435515 -0.45186145359424673 -0.27565573684473527 0.07839828579377325 -0.5828470616790369 0.055973808620368506 0.18050592309144803
1 6 -0.40020766231138455 -0.11891769438037636 0.018003993900043275 -0.5632270789169769 -0.6060434276694937 -0.5479869160998431 0.2705143602624996 -1.1353332418040452 0.15025820190984435 0.3736047620364213
1 7 0.05464601696608081 -0.1758697015499519 -0.17952282975907377 0.15371272381516599 0.15423130412698963 0.2797276716742036 -0.11169763339689562 0.273444310026339 -0.19175072685805128 -0.1403675904437257
1 8 -0.049315624405435285 0.09475759047949969 0.09830603218792011 -0.016901653633454368 -0.022667419081902975 -0.047664085542415545 0.022575339827100593 0.0404209938422972 0.10182504365927682 0.19902347393783065
1 9 -0.007411781188055143 -0.06441538415070755 -0.10365348791380712 0.06422355286743425 0.016839848489886542 0.0178395361473875 0.03931463311850455 -0.03225924720869255 -0.11734186636138709 -0.0497177056461386
2 0 0.09425171826658715
2 1 0.10514358020745866
2 2 0.059952674104847614
2 3 0.15687063355719527
2 4 0.16398963477250914
2 5 0.1411691517026446
2 6 -0.04670842350108789
2 7 0.2315119553881345
2 8 0.020927028468202498
2 9 0.02380369568461343
